/*--------------------------------*- C++ -*----------------------------------*\
| =========                 |                                                 |
| \\      /  F ield         | OpenFOAM: The Open Source CFD Toolbox           |
|  \\    /   O peration     | Version:  2312                                  |
|   \\  /    A nd           | Website:  www.openfoam.com                      |
|    \\/     M anipulation  |                                                 |
\*---------------------------------------------------------------------------*/
FoamFile
{
    version     2.0;
    format      ascii;
    arch        "LSB;label=32;scalar=64";
    class       faceList;
    location    "constant/polyMesh";
    object      faces;
}
// * * * * * * * * * * * * * * * * * * * * * * * * * * * * * * * * * * * * * //


2533
(
3(1 12 155)
4(11 154 155 12)
3(0 154 11)
3(2 13 156)
4(12 155 156 13)
3(3 14 157)
4(13 156 157 14)
3(4 15 158)
4(14 157 158 15)
3(5 16 159)
4(15 158 159 16)
3(6 17 160)
4(16 159 160 17)
3(7 18 161)
4(17 160 161 18)
3(8 19 162)
4(18 161 162 19)
3(9 20 163)
4(19 162 163 20)
4(20 163 164 21)
3(10 21 164)
4(12 23 166 155)
4(22 165 166 23)
4(11 154 165 22)
4(13 24 167 156)
4(23 166 167 24)
4(14 25 168 157)
4(24 167 168 25)
4(15 26 169 158)
4(25 168 169 26)
4(16 27 170 159)
4(26 169 170 27)
4(17 28 171 160)
4(27 170 171 28)
4(18 29 172 161)
4(28 171 172 29)
4(19 30 173 162)
4(29 172 173 30)
4(20 31 174 163)
4(30 173 174 31)
4(31 174 175 32)
4(21 32 175 164)
4(23 34 177 166)
4(33 176 177 34)
4(22 165 176 33)
4(24 35 178 167)
4(34 177 178 35)
4(25 36 179 168)
4(35 178 179 36)
4(26 37 180 169)
4(36 179 180 37)
4(27 38 181 170)
4(37 180 181 38)
4(28 39 182 171)
4(38 181 182 39)
4(29 40 183 172)
4(39 182 183 40)
4(30 41 184 173)
4(40 183 184 41)
4(31 42 185 174)
4(41 184 185 42)
4(42 185 186 43)
4(32 43 186 175)
4(34 45 188 177)
4(44 187 188 45)
4(33 176 187 44)
4(35 46 189 178)
4(45 188 189 46)
4(36 47 190 179)
4(46 189 190 47)
4(37 48 191 180)
4(47 190 191 48)
4(38 49 192 181)
4(48 191 192 49)
4(39 50 193 182)
4(49 192 193 50)
4(40 51 194 183)
4(50 193 194 51)
4(41 52 195 184)
4(51 194 195 52)
4(42 53 196 185)
4(52 195 196 53)
4(53 196 197 54)
4(43 54 197 186)
4(45 56 199 188)
4(55 198 199 56)
4(44 187 198 55)
4(46 57 200 189)
4(56 199 200 57)
4(47 58 201 190)
4(57 200 201 58)
4(48 59 202 191)
4(58 201 202 59)
4(49 60 203 192)
4(59 202 203 60)
4(50 61 204 193)
4(60 203 204 61)
4(51 62 205 194)
4(61 204 205 62)
4(52 63 206 195)
4(62 205 206 63)
4(53 64 207 196)
4(63 206 207 64)
4(64 207 208 65)
4(54 65 208 197)
4(56 67 210 199)
4(66 209 210 67)
4(55 198 209 66)
4(57 68 211 200)
4(67 210 211 68)
4(58 69 212 201)
4(68 211 212 69)
4(59 70 213 202)
4(69 212 213 70)
4(60 71 214 203)
4(70 213 214 71)
4(61 72 215 204)
4(71 214 215 72)
4(62 73 216 205)
4(72 215 216 73)
4(63 74 217 206)
4(73 216 217 74)
4(64 75 218 207)
4(74 217 218 75)
4(75 218 219 76)
4(65 76 219 208)
4(67 78 221 210)
4(77 220 221 78)
4(66 209 220 77)
4(68 79 222 211)
4(78 221 222 79)
4(69 80 223 212)
4(79 222 223 80)
4(70 81 224 213)
4(80 223 224 81)
4(71 82 225 214)
4(81 224 225 82)
4(72 83 226 215)
4(82 225 226 83)
4(73 84 227 216)
4(83 226 227 84)
4(74 85 228 217)
4(84 227 228 85)
4(75 86 229 218)
4(85 228 229 86)
4(86 229 230 87)
4(76 87 230 219)
4(78 89 232 221)
4(88 231 232 89)
4(77 220 231 88)
4(79 90 233 222)
4(89 232 233 90)
4(80 91 234 223)
4(90 233 234 91)
4(81 92 235 224)
4(91 234 235 92)
4(82 93 236 225)
4(92 235 236 93)
4(83 94 237 226)
4(93 236 237 94)
4(84 95 238 227)
4(94 237 238 95)
4(85 96 239 228)
4(95 238 239 96)
4(86 97 240 229)
4(96 239 240 97)
4(97 240 241 98)
4(87 98 241 230)
4(89 100 243 232)
4(99 242 243 100)
4(88 231 242 99)
4(90 101 244 233)
4(100 243 244 101)
4(91 102 245 234)
4(101 244 245 102)
4(92 103 246 235)
4(102 245 246 103)
4(93 104 247 236)
4(103 246 247 104)
4(94 105 248 237)
4(104 247 248 105)
4(95 106 249 238)
4(105 248 249 106)
4(96 107 250 239)
4(106 249 250 107)
4(97 108 251 240)
4(107 250 251 108)
4(108 251 252 109)
4(98 109 252 241)
4(100 111 254 243)
4(110 253 254 111)
4(99 242 253 110)
4(101 112 255 244)
4(111 254 255 112)
4(102 113 256 245)
4(112 255 256 113)
4(103 114 257 246)
4(113 256 257 114)
4(104 115 258 247)
4(114 257 258 115)
4(105 116 259 248)
4(115 258 259 116)
4(106 117 260 249)
4(116 259 260 117)
4(107 118 261 250)
4(117 260 261 118)
4(108 119 262 251)
4(118 261 262 119)
4(119 262 263 120)
4(109 120 263 252)
4(111 122 265 254)
4(121 264 265 122)
4(110 253 264 121)
4(112 123 266 255)
4(122 265 266 123)
4(113 124 267 256)
4(123 266 267 124)
4(114 125 268 257)
4(124 267 268 125)
4(115 126 269 258)
4(125 268 269 126)
4(116 127 270 259)
4(126 269 270 127)
4(117 128 271 260)
4(127 270 271 128)
4(118 129 272 261)
4(128 271 272 129)
4(119 130 273 262)
4(129 272 273 130)
4(130 273 274 131)
4(120 131 274 263)
4(122 133 276 265)
4(132 275 276 133)
4(121 264 275 132)
4(123 134 277 266)
4(133 276 277 134)
4(124 135 278 267)
4(134 277 278 135)
4(125 136 279 268)
4(135 278 279 136)
4(126 137 280 269)
4(136 279 280 137)
4(127 138 281 270)
4(137 280 281 138)
4(128 139 282 271)
4(138 281 282 139)
4(129 140 283 272)
4(139 282 283 140)
4(130 141 284 273)
4(140 283 284 141)
4(141 284 285 142)
4(131 142 285 274)
4(133 144 287 276)
4(143 286 287 144)
4(132 275 286 143)
4(134 145 288 277)
4(144 287 288 145)
4(135 146 289 278)
4(145 288 289 146)
4(136 147 290 279)
4(146 289 290 147)
4(137 148 291 280)
4(147 290 291 148)
4(138 149 292 281)
4(148 291 292 149)
4(139 150 293 282)
4(149 292 293 150)
4(140 151 294 283)
4(150 293 294 151)
4(141 152 295 284)
4(151 294 295 152)
4(152 295 296 153)
4(142 153 296 285)
4(144 298 364 287)
4(297 363 364 298)
4(143 286 363 297)
4(145 299 365 288)
4(298 364 365 299)
4(146 300 366 289)
4(299 365 366 300)
4(147 301 367 290)
4(300 366 367 301)
4(148 302 368 291)
4(301 367 368 302)
4(149 303 369 292)
4(302 368 369 303)
4(150 304 370 293)
4(303 369 370 304)
4(151 305 371 294)
4(304 370 371 305)
4(152 306 372 295)
4(305 371 372 306)
4(306 372 373 307)
4(153 307 373 296)
4(298 309 375 364)
4(308 374 375 309)
4(297 363 374 308)
4(299 310 376 365)
4(309 375 376 310)
4(300 311 377 366)
4(310 376 377 311)
4(301 312 378 367)
4(311 377 378 312)
4(302 313 379 368)
4(312 378 379 313)
4(303 314 380 369)
4(313 379 380 314)
4(304 315 381 370)
4(314 380 381 315)
4(305 316 382 371)
4(315 381 382 316)
4(306 317 383 372)
4(316 382 383 317)
4(317 383 384 318)
4(307 318 384 373)
4(309 320 386 375)
4(319 385 386 320)
4(308 374 385 319)
4(310 321 387 376)
4(320 386 387 321)
4(311 322 388 377)
4(321 387 388 322)
4(312 323 389 378)
4(322 388 389 323)
4(313 324 390 379)
4(323 389 390 324)
4(314 325 391 380)
4(324 390 391 325)
4(315 326 392 381)
4(325 391 392 326)
4(316 327 393 382)
4(326 392 393 327)
4(317 328 394 383)
4(327 393 394 328)
4(328 394 395 329)
4(318 329 395 384)
4(320 331 397 386)
4(330 396 397 331)
4(319 385 396 330)
4(321 332 398 387)
4(331 397 398 332)
4(322 333 399 388)
4(332 398 399 333)
4(323 334 400 389)
4(333 399 400 334)
4(324 335 401 390)
4(334 400 401 335)
4(325 336 402 391)
4(335 401 402 336)
4(326 337 403 392)
4(336 402 403 337)
4(327 338 404 393)
4(337 403 404 338)
4(328 339 405 394)
4(338 404 405 339)
4(339 405 406 340)
4(329 340 406 395)
4(331 342 408 397)
4(341 407 408 342)
4(330 396 407 341)
4(332 343 409 398)
4(342 408 409 343)
4(333 344 410 399)
4(343 409 410 344)
4(334 345 411 400)
4(344 410 411 345)
4(335 346 412 401)
4(345 411 412 346)
4(336 347 413 402)
4(346 412 413 347)
4(337 348 414 403)
4(347 413 414 348)
4(338 349 415 404)
4(348 414 415 349)
4(339 350 416 405)
4(349 415 416 350)
4(350 416 417 351)
4(340 351 417 406)
4(342 353 419 408)
4(352 418 419 353)
4(341 407 418 352)
4(343 354 420 409)
4(353 419 420 354)
4(344 355 421 410)
4(354 420 421 355)
4(345 356 422 411)
4(355 421 422 356)
4(346 357 423 412)
4(356 422 423 357)
4(347 358 424 413)
4(357 423 424 358)
4(348 359 425 414)
4(358 424 425 359)
4(349 360 426 415)
4(359 425 426 360)
4(350 361 427 416)
4(360 426 427 361)
4(361 427 428 362)
4(351 362 428 417)
4(353 430 496 419)
4(429 495 496 430)
4(352 418 495 429)
4(354 431 497 420)
4(430 496 497 431)
4(355 432 498 421)
4(431 497 498 432)
4(356 433 499 422)
4(432 498 499 433)
4(357 434 500 423)
4(433 499 500 434)
4(358 435 501 424)
4(434 500 501 435)
4(359 436 502 425)
4(435 501 502 436)
4(360 437 503 426)
4(436 502 503 437)
4(361 438 504 427)
4(437 503 504 438)
4(438 504 505 439)
4(362 439 505 428)
4(430 441 507 496)
4(440 506 507 441)
4(429 495 506 440)
4(431 442 508 497)
4(441 507 508 442)
4(432 443 509 498)
4(442 508 509 443)
4(433 444 510 499)
4(443 509 510 444)
4(434 445 511 500)
4(444 510 511 445)
4(435 446 512 501)
4(445 511 512 446)
4(436 447 513 502)
4(446 512 513 447)
4(437 448 514 503)
4(447 513 514 448)
4(438 449 515 504)
4(448 514 515 449)
4(449 515 516 450)
4(439 450 516 505)
4(441 452 518 507)
4(451 517 518 452)
4(440 506 517 451)
4(442 453 519 508)
4(452 518 519 453)
4(443 454 520 509)
4(453 519 520 454)
4(444 455 521 510)
4(454 520 521 455)
4(445 456 522 511)
4(455 521 522 456)
4(446 457 523 512)
4(456 522 523 457)
4(447 458 524 513)
4(457 523 524 458)
4(448 459 525 514)
4(458 524 525 459)
4(449 460 526 515)
4(459 525 526 460)
4(460 526 527 461)
4(450 461 527 516)
4(452 463 529 518)
4(462 528 529 463)
4(451 517 528 462)
4(453 464 530 519)
4(463 529 530 464)
4(454 465 531 520)
4(464 530 531 465)
4(455 466 532 521)
4(465 531 532 466)
4(456 467 533 522)
4(466 532 533 467)
4(457 468 534 523)
4(467 533 534 468)
4(458 469 535 524)
4(468 534 535 469)
4(459 470 536 525)
4(469 535 536 470)
4(460 471 537 526)
4(470 536 537 471)
4(471 537 538 472)
4(461 472 538 527)
4(463 474 540 529)
4(473 539 540 474)
4(462 528 539 473)
4(464 475 541 530)
4(474 540 541 475)
4(465 476 542 531)
4(475 541 542 476)
4(466 477 543 532)
4(476 542 543 477)
4(467 478 544 533)
4(477 543 544 478)
4(468 479 545 534)
4(478 544 545 479)
4(469 480 546 535)
4(479 545 546 480)
4(470 481 547 536)
4(480 546 547 481)
4(471 482 548 537)
4(481 547 548 482)
4(482 548 549 483)
4(472 483 549 538)
4(474 485 551 540)
4(473 539 550 484)
4(475 486 552 541)
4(476 487 553 542)
4(477 488 554 543)
4(478 489 555 544)
4(479 490 556 545)
4(480 491 557 546)
4(481 492 558 547)
4(482 493 559 548)
4(483 494 560 549)
3(561 565 617)
4(21 164 617 565)
3(562 566 618)
4(565 617 618 566)
3(563 567 619)
4(566 618 619 567)
4(567 619 620 568)
3(564 568 620)
4(565 569 621 617)
4(32 175 621 569)
4(566 570 622 618)
4(569 621 622 570)
4(567 571 623 619)
4(570 622 623 571)
4(571 623 624 572)
4(568 572 624 620)
4(569 573 625 621)
4(43 186 625 573)
4(570 574 626 622)
4(573 625 626 574)
4(571 575 627 623)
4(574 626 627 575)
4(575 627 628 576)
4(572 576 628 624)
4(573 577 629 625)
4(54 197 629 577)
4(574 578 630 626)
4(577 629 630 578)
4(575 579 631 627)
4(578 630 631 579)
4(579 631 632 580)
4(576 580 632 628)
4(577 581 633 629)
4(65 208 633 581)
4(578 582 634 630)
4(581 633 634 582)
4(579 583 635 631)
4(582 634 635 583)
4(583 635 636 584)
4(580 584 636 632)
4(581 585 637 633)
4(76 219 637 585)
4(582 586 638 634)
4(585 637 638 586)
4(583 587 639 635)
4(586 638 639 587)
4(587 639 640 588)
4(584 588 640 636)
4(585 589 641 637)
4(87 230 641 589)
4(586 590 642 638)
4(589 641 642 590)
4(587 591 643 639)
4(590 642 643 591)
4(591 643 644 592)
4(588 592 644 640)
4(589 593 645 641)
4(98 241 645 593)
4(590 594 646 642)
4(593 645 646 594)
4(591 595 647 643)
4(594 646 647 595)
4(595 647 648 596)
4(592 596 648 644)
4(593 597 649 645)
4(109 252 649 597)
4(594 598 650 646)
4(597 649 650 598)
4(595 599 651 647)
4(598 650 651 599)
4(599 651 652 600)
4(596 600 652 648)
4(597 601 653 649)
4(120 263 653 601)
4(598 602 654 650)
4(601 653 654 602)
4(599 603 655 651)
4(602 654 655 603)
4(603 655 656 604)
4(600 604 656 652)
4(601 605 657 653)
4(131 274 657 605)
4(602 606 658 654)
4(605 657 658 606)
4(603 607 659 655)
4(606 658 659 607)
4(607 659 660 608)
4(604 608 660 656)
4(605 609 661 657)
4(142 285 661 609)
4(606 610 662 658)
4(609 661 662 610)
4(607 611 663 659)
4(610 662 663 611)
4(611 663 664 612)
4(608 612 664 660)
4(609 613 665 661)
4(153 296 665 613)
4(610 614 666 662)
4(613 665 666 614)
4(611 615 667 663)
4(614 666 667 615)
4(615 667 668 616)
4(612 616 668 664)
4(669 675 711 705)
4(307 373 711 675)
4(153 669 705 296)
4(670 676 712 706)
4(675 711 712 676)
4(669 670 706 705)
4(671 677 713 707)
4(676 712 713 677)
4(670 671 707 706)
4(672 678 714 708)
4(677 713 714 678)
4(671 672 708 707)
4(673 679 715 709)
4(678 714 715 679)
4(672 673 709 708)
4(679 715 716 680)
4(673 674 710 709)
4(675 681 717 711)
4(318 384 717 681)
4(676 682 718 712)
4(681 717 718 682)
4(677 683 719 713)
4(682 718 719 683)
4(678 684 720 714)
4(683 719 720 684)
4(679 685 721 715)
4(684 720 721 685)
4(685 721 722 686)
4(681 687 723 717)
4(329 395 723 687)
4(682 688 724 718)
4(687 723 724 688)
4(683 689 725 719)
4(688 724 725 689)
4(684 690 726 720)
4(689 725 726 690)
4(685 691 727 721)
4(690 726 727 691)
4(691 727 728 692)
4(687 693 729 723)
4(340 406 729 693)
4(688 694 730 724)
4(693 729 730 694)
4(689 695 731 725)
4(694 730 731 695)
4(690 696 732 726)
4(695 731 732 696)
4(691 697 733 727)
4(696 732 733 697)
4(697 733 734 698)
4(693 699 735 729)
4(351 417 735 699)
4(694 700 736 730)
4(699 735 736 700)
4(695 701 737 731)
4(700 736 737 701)
4(696 702 738 732)
4(701 737 738 702)
4(697 703 739 733)
4(702 738 739 703)
4(703 739 740 704)
4(699 439 505 735)
4(700 450 516 736)
4(701 461 527 737)
4(702 472 538 738)
4(703 483 549 739)
4(741 747 771 765)
4(615 667 771 747)
4(616 741 765 668)
4(742 748 772 766)
4(747 771 772 748)
4(741 742 766 765)
4(743 749 773 767)
4(748 772 773 749)
4(742 743 767 766)
4(744 750 774 768)
4(749 773 774 750)
4(743 744 768 767)
4(745 751 775 769)
4(750 774 775 751)
4(744 745 769 768)
4(751 775 776 752)
4(745 746 770 769)
4(747 753 777 771)
4(614 666 777 753)
4(748 754 778 772)
4(753 777 778 754)
4(749 755 779 773)
4(754 778 779 755)
4(750 756 780 774)
4(755 779 780 756)
4(751 757 781 775)
4(756 780 781 757)
4(757 781 782 758)
4(753 759 783 777)
4(613 665 783 759)
4(754 760 784 778)
4(759 783 784 760)
4(755 761 785 779)
4(760 784 785 761)
4(756 762 786 780)
4(761 785 786 762)
4(757 763 787 781)
4(762 786 787 763)
4(763 787 788 764)
4(759 669 705 783)
4(760 670 706 784)
4(761 671 707 785)
4(762 672 708 786)
4(763 673 709 787)
3(789 795 867)
4(568 620 867 795)
3(790 796 868)
4(795 867 868 796)
3(791 797 869)
4(796 868 869 797)
3(792 798 870)
4(797 869 870 798)
3(793 799 871)
4(798 870 871 799)
4(799 871 872 800)
4(795 801 873 867)
4(572 624 873 801)
4(796 802 874 868)
4(801 873 874 802)
4(797 803 875 869)
4(802 874 875 803)
4(798 804 876 870)
4(803 875 876 804)
4(799 805 877 871)
4(804 876 877 805)
4(805 877 878 806)
4(801 807 879 873)
4(576 628 879 807)
4(802 808 880 874)
4(807 879 880 808)
4(803 809 881 875)
4(808 880 881 809)
4(804 810 882 876)
4(809 881 882 810)
4(805 811 883 877)
4(810 882 883 811)
4(811 883 884 812)
4(807 813 885 879)
4(580 632 885 813)
4(808 814 886 880)
4(813 885 886 814)
4(809 815 887 881)
4(814 886 887 815)
4(810 816 888 882)
4(815 887 888 816)
4(811 817 889 883)
4(816 888 889 817)
4(817 889 890 818)
4(813 819 891 885)
4(584 636 891 819)
4(814 820 892 886)
4(819 891 892 820)
4(815 821 893 887)
4(820 892 893 821)
4(816 822 894 888)
4(821 893 894 822)
4(817 823 895 889)
4(822 894 895 823)
4(823 895 896 824)
4(819 825 897 891)
4(588 640 897 825)
4(820 826 898 892)
4(825 897 898 826)
4(821 827 899 893)
4(826 898 899 827)
4(822 828 900 894)
4(827 899 900 828)
4(823 829 901 895)
4(828 900 901 829)
4(829 901 902 830)
4(825 831 903 897)
4(592 644 903 831)
4(826 832 904 898)
4(831 903 904 832)
4(827 833 905 899)
4(832 904 905 833)
4(828 834 906 900)
4(833 905 906 834)
4(829 835 907 901)
4(834 906 907 835)
4(835 907 908 836)
4(831 837 909 903)
4(596 648 909 837)
4(832 838 910 904)
4(837 909 910 838)
4(833 839 911 905)
4(838 910 911 839)
4(834 840 912 906)
4(839 911 912 840)
4(835 841 913 907)
4(840 912 913 841)
4(841 913 914 842)
4(837 843 915 909)
4(600 652 915 843)
4(838 844 916 910)
4(843 915 916 844)
4(839 845 917 911)
4(844 916 917 845)
4(840 846 918 912)
4(845 917 918 846)
4(841 847 919 913)
4(846 918 919 847)
4(847 919 920 848)
4(843 849 921 915)
4(604 656 921 849)
4(844 850 922 916)
4(849 921 922 850)
4(845 851 923 917)
4(850 922 923 851)
4(846 852 924 918)
4(851 923 924 852)
4(847 853 925 919)
4(852 924 925 853)
4(853 925 926 854)
4(849 855 927 921)
4(608 660 927 855)
4(850 856 928 922)
4(855 927 928 856)
4(851 857 929 923)
4(856 928 929 857)
4(852 858 930 924)
4(857 929 930 858)
4(853 859 931 925)
4(858 930 931 859)
4(859 931 932 860)
4(855 861 933 927)
4(612 664 933 861)
4(856 862 934 928)
4(861 933 934 862)
4(857 863 935 929)
4(862 934 935 863)
4(858 864 936 930)
4(863 935 936 864)
4(859 865 937 931)
4(864 936 937 865)
4(865 937 938 866)
4(861 741 765 933)
4(862 742 766 934)
4(863 743 767 935)
4(864 744 768 936)
4(865 745 769 937)
3(940 944 996)
4(943 995 996 944)
3(939 995 943)
3(941 945 997)
4(944 996 997 945)
3(942 946 998)
4(945 997 998 946)
4(946 998 154 11)
4(944 948 1000 996)
4(947 999 1000 948)
4(943 995 999 947)
4(945 949 1001 997)
4(948 1000 1001 949)
4(946 950 1002 998)
4(949 1001 1002 950)
4(950 1002 165 22)
4(948 952 1004 1000)
4(951 1003 1004 952)
4(947 999 1003 951)
4(949 953 1005 1001)
4(952 1004 1005 953)
4(950 954 1006 1002)
4(953 1005 1006 954)
4(954 1006 176 33)
4(952 956 1008 1004)
4(955 1007 1008 956)
4(951 1003 1007 955)
4(953 957 1009 1005)
4(956 1008 1009 957)
4(954 958 1010 1006)
4(957 1009 1010 958)
4(958 1010 187 44)
4(956 960 1012 1008)
4(959 1011 1012 960)
4(955 1007 1011 959)
4(957 961 1013 1009)
4(960 1012 1013 961)
4(958 962 1014 1010)
4(961 1013 1014 962)
4(962 1014 198 55)
4(960 964 1016 1012)
4(963 1015 1016 964)
4(959 1011 1015 963)
4(961 965 1017 1013)
4(964 1016 1017 965)
4(962 966 1018 1014)
4(965 1017 1018 966)
4(966 1018 209 66)
4(964 968 1020 1016)
4(967 1019 1020 968)
4(963 1015 1019 967)
4(965 969 1021 1017)
4(968 1020 1021 969)
4(966 970 1022 1018)
4(969 1021 1022 970)
4(970 1022 220 77)
4(968 972 1024 1020)
4(971 1023 1024 972)
4(967 1019 1023 971)
4(969 973 1025 1021)
4(972 1024 1025 973)
4(970 974 1026 1022)
4(973 1025 1026 974)
4(974 1026 231 88)
4(972 976 1028 1024)
4(975 1027 1028 976)
4(971 1023 1027 975)
4(973 977 1029 1025)
4(976 1028 1029 977)
4(974 978 1030 1026)
4(977 1029 1030 978)
4(978 1030 242 99)
4(976 980 1032 1028)
4(979 1031 1032 980)
4(975 1027 1031 979)
4(977 981 1033 1029)
4(980 1032 1033 981)
4(978 982 1034 1030)
4(981 1033 1034 982)
4(982 1034 253 110)
4(980 984 1036 1032)
4(983 1035 1036 984)
4(979 1031 1035 983)
4(981 985 1037 1033)
4(984 1036 1037 985)
4(982 986 1038 1034)
4(985 1037 1038 986)
4(986 1038 264 121)
4(984 988 1040 1036)
4(987 1039 1040 988)
4(983 1035 1039 987)
4(985 989 1041 1037)
4(988 1040 1041 989)
4(986 990 1042 1038)
4(989 1041 1042 990)
4(990 1042 275 132)
4(988 992 1044 1040)
4(991 1043 1044 992)
4(987 1039 1043 991)
4(989 993 1045 1041)
4(992 1044 1045 993)
4(990 994 1046 1042)
4(993 1045 1046 994)
4(994 1046 286 143)
4(992 1048 1078 1044)
4(1047 1077 1078 1048)
4(991 1043 1077 1047)
4(993 1049 1079 1045)
4(1048 1078 1079 1049)
4(994 1050 1080 1046)
4(1049 1079 1080 1050)
4(1050 1080 1081 1051)
4(143 1051 1081 286)
4(1048 1053 1083 1078)
4(1052 1082 1083 1053)
4(1047 1077 1082 1052)
4(1049 1054 1084 1079)
4(1053 1083 1084 1054)
4(1050 1055 1085 1080)
4(1054 1084 1085 1055)
4(1055 1085 1086 1056)
4(1051 1056 1086 1081)
4(1053 1058 1088 1083)
4(1057 1087 1088 1058)
4(1052 1082 1087 1057)
4(1054 1059 1089 1084)
4(1058 1088 1089 1059)
4(1055 1060 1090 1085)
4(1059 1089 1090 1060)
4(1060 1090 1091 1061)
4(1056 1061 1091 1086)
4(1058 1063 1093 1088)
4(1062 1092 1093 1063)
4(1057 1087 1092 1062)
4(1059 1064 1094 1089)
4(1063 1093 1094 1064)
4(1060 1065 1095 1090)
4(1064 1094 1095 1065)
4(1065 1095 1096 1066)
4(1061 1066 1096 1091)
4(1063 1068 1098 1093)
4(1067 1097 1098 1068)
4(1062 1092 1097 1067)
4(1064 1069 1099 1094)
4(1068 1098 1099 1069)
4(1065 1070 1100 1095)
4(1069 1099 1100 1070)
4(1070 1100 1101 1071)
4(1066 1071 1101 1096)
4(1068 1073 1103 1098)
4(1067 1097 1102 1072)
4(1069 1074 1104 1099)
4(1070 1075 1105 1100)
4(1071 1076 1106 1101)
4(297 1107 1137 363)
4(1051 1081 1137 1107)
4(308 1108 1138 374)
4(1107 1137 1138 1108)
4(319 1109 1139 385)
4(1108 1138 1139 1109)
4(330 1110 1140 396)
4(1109 1139 1140 1110)
4(341 1111 1141 407)
4(1110 1140 1141 1111)
4(1111 1141 495 429)
4(1107 1112 1142 1137)
4(1056 1086 1142 1112)
4(1108 1113 1143 1138)
4(1112 1142 1143 1113)
4(1109 1114 1144 1139)
4(1113 1143 1144 1114)
4(1110 1115 1145 1140)
4(1114 1144 1145 1115)
4(1111 1116 1146 1141)
4(1115 1145 1146 1116)
4(1116 1146 506 440)
4(1112 1117 1147 1142)
4(1061 1091 1147 1117)
4(1113 1118 1148 1143)
4(1117 1147 1148 1118)
4(1114 1119 1149 1144)
4(1118 1148 1149 1119)
4(1115 1120 1150 1145)
4(1119 1149 1150 1120)
4(1116 1121 1151 1146)
4(1120 1150 1151 1121)
4(1121 1151 517 451)
4(1117 1122 1152 1147)
4(1066 1096 1152 1122)
4(1118 1123 1153 1148)
4(1122 1152 1153 1123)
4(1119 1124 1154 1149)
4(1123 1153 1154 1124)
4(1120 1125 1155 1150)
4(1124 1154 1155 1125)
4(1121 1126 1156 1151)
4(1125 1155 1156 1126)
4(1126 1156 528 462)
4(1122 1127 1157 1152)
4(1071 1101 1157 1127)
4(1123 1128 1158 1153)
4(1127 1157 1158 1128)
4(1124 1129 1159 1154)
4(1128 1158 1159 1129)
4(1125 1130 1160 1155)
4(1129 1159 1160 1130)
4(1126 1131 1161 1156)
4(1130 1160 1161 1131)
4(1131 1161 539 473)
4(1127 1132 1162 1157)
4(1128 1133 1163 1158)
4(1129 1134 1164 1159)
4(1130 1135 1165 1160)
4(1131 1136 1166 1161)
3(1168 1174 1246)
4(1173 1245 1246 1174)
3(1169 1175 1247)
4(1174 1246 1247 1175)
3(1170 1176 1248)
4(1175 1247 1248 1176)
3(1171 1177 1249)
4(1176 1248 1249 1177)
3(1172 1178 1250)
4(1177 1249 1250 1178)
4(1178 1250 995 943)
4(1174 1180 1252 1246)
4(1179 1251 1252 1180)
4(1175 1181 1253 1247)
4(1180 1252 1253 1181)
4(1176 1182 1254 1248)
4(1181 1253 1254 1182)
4(1177 1183 1255 1249)
4(1182 1254 1255 1183)
4(1178 1184 1256 1250)
4(1183 1255 1256 1184)
4(1184 1256 999 947)
4(1180 1186 1258 1252)
4(1185 1257 1258 1186)
4(1181 1187 1259 1253)
4(1186 1258 1259 1187)
4(1182 1188 1260 1254)
4(1187 1259 1260 1188)
4(1183 1189 1261 1255)
4(1188 1260 1261 1189)
4(1184 1190 1262 1256)
4(1189 1261 1262 1190)
4(1190 1262 1003 951)
4(1186 1192 1264 1258)
4(1191 1263 1264 1192)
4(1187 1193 1265 1259)
4(1192 1264 1265 1193)
4(1188 1194 1266 1260)
4(1193 1265 1266 1194)
4(1189 1195 1267 1261)
4(1194 1266 1267 1195)
4(1190 1196 1268 1262)
4(1195 1267 1268 1196)
4(1196 1268 1007 955)
4(1192 1198 1270 1264)
4(1197 1269 1270 1198)
4(1193 1199 1271 1265)
4(1198 1270 1271 1199)
4(1194 1200 1272 1266)
4(1199 1271 1272 1200)
4(1195 1201 1273 1267)
4(1200 1272 1273 1201)
4(1196 1202 1274 1268)
4(1201 1273 1274 1202)
4(1202 1274 1011 959)
4(1198 1204 1276 1270)
4(1203 1275 1276 1204)
4(1199 1205 1277 1271)
4(1204 1276 1277 1205)
4(1200 1206 1278 1272)
4(1205 1277 1278 1206)
4(1201 1207 1279 1273)
4(1206 1278 1279 1207)
4(1202 1208 1280 1274)
4(1207 1279 1280 1208)
4(1208 1280 1015 963)
4(1204 1210 1282 1276)
4(1209 1281 1282 1210)
4(1205 1211 1283 1277)
4(1210 1282 1283 1211)
4(1206 1212 1284 1278)
4(1211 1283 1284 1212)
4(1207 1213 1285 1279)
4(1212 1284 1285 1213)
4(1208 1214 1286 1280)
4(1213 1285 1286 1214)
4(1214 1286 1019 967)
4(1210 1216 1288 1282)
4(1215 1287 1288 1216)
4(1211 1217 1289 1283)
4(1216 1288 1289 1217)
4(1212 1218 1290 1284)
4(1217 1289 1290 1218)
4(1213 1219 1291 1285)
4(1218 1290 1291 1219)
4(1214 1220 1292 1286)
4(1219 1291 1292 1220)
4(1220 1292 1023 971)
4(1216 1222 1294 1288)
4(1221 1293 1294 1222)
4(1217 1223 1295 1289)
4(1222 1294 1295 1223)
4(1218 1224 1296 1290)
4(1223 1295 1296 1224)
4(1219 1225 1297 1291)
4(1224 1296 1297 1225)
4(1220 1226 1298 1292)
4(1225 1297 1298 1226)
4(1226 1298 1027 975)
4(1222 1228 1300 1294)
4(1227 1299 1300 1228)
4(1223 1229 1301 1295)
4(1228 1300 1301 1229)
4(1224 1230 1302 1296)
4(1229 1301 1302 1230)
4(1225 1231 1303 1297)
4(1230 1302 1303 1231)
4(1226 1232 1304 1298)
4(1231 1303 1304 1232)
4(1232 1304 1031 979)
4(1228 1234 1306 1300)
4(1233 1305 1306 1234)
4(1229 1235 1307 1301)
4(1234 1306 1307 1235)
4(1230 1236 1308 1302)
4(1235 1307 1308 1236)
4(1231 1237 1309 1303)
4(1236 1308 1309 1237)
4(1232 1238 1310 1304)
4(1237 1309 1310 1238)
4(1238 1310 1035 983)
4(1234 1240 1312 1306)
4(1239 1311 1312 1240)
4(1235 1241 1313 1307)
4(1240 1312 1313 1241)
4(1236 1242 1314 1308)
4(1241 1313 1314 1242)
4(1237 1243 1315 1309)
4(1242 1314 1315 1243)
4(1238 1244 1316 1310)
4(1243 1315 1316 1244)
4(1244 1316 1039 987)
4(1240 1067 1097 1312)
4(1241 1062 1092 1313)
4(1242 1057 1087 1314)
4(1243 1052 1082 1315)
4(1244 1047 1077 1316)
3(1167 1245 1173)
4(1173 1245 1251 1179)
4(1179 1251 1257 1185)
4(1185 1257 1263 1191)
4(1191 1263 1269 1197)
4(1197 1269 1275 1203)
4(1203 1275 1281 1209)
4(1209 1281 1287 1215)
4(1215 1287 1293 1221)
4(1221 1293 1299 1227)
4(1227 1299 1305 1233)
4(1233 1305 1311 1239)
4(1239 1311 1102 1072)
4(1072 1102 1103 1073)
4(1073 1103 1104 1074)
4(1074 1104 1105 1075)
4(1075 1105 1106 1076)
4(1076 1106 1162 1132)
4(1132 1162 1163 1133)
4(1133 1163 1164 1134)
4(1134 1164 1165 1135)
4(1135 1165 1166 1136)
4(1136 1166 550 484)
4(484 550 551 485)
4(485 551 552 486)
4(486 552 553 487)
4(487 553 554 488)
4(488 554 555 489)
4(489 555 556 490)
4(490 556 557 491)
4(491 557 558 492)
4(492 558 559 493)
4(493 559 560 494)
4(674 680 716 710)
4(680 686 722 716)
4(686 692 728 722)
4(692 698 734 728)
4(698 704 740 734)
4(704 494 560 740)
4(746 752 776 770)
4(752 758 782 776)
4(758 764 788 782)
4(764 674 710 788)
3(794 800 872)
4(800 806 878 872)
4(806 812 884 878)
4(812 818 890 884)
4(818 824 896 890)
4(824 830 902 896)
4(830 836 908 902)
4(836 842 914 908)
4(842 848 920 914)
4(848 854 926 920)
4(854 860 932 926)
4(860 866 938 932)
4(866 746 770 938)
4(0 11 12 1)
4(11 22 23 12)
4(22 33 34 23)
4(33 44 45 34)
4(44 55 56 45)
4(55 66 67 56)
4(66 77 78 67)
4(77 88 89 78)
4(88 99 100 89)
4(99 110 111 100)
4(110 121 122 111)
4(121 132 133 122)
4(132 143 144 133)
4(1 12 13 2)
4(12 23 24 13)
4(23 34 35 24)
4(34 45 46 35)
4(45 56 57 46)
4(56 67 68 57)
4(67 78 79 68)
4(78 89 90 79)
4(89 100 101 90)
4(100 111 112 101)
4(111 122 123 112)
4(122 133 134 123)
4(133 144 145 134)
4(2 13 14 3)
4(13 24 25 14)
4(24 35 36 25)
4(35 46 47 36)
4(46 57 58 47)
4(57 68 69 58)
4(68 79 80 69)
4(79 90 91 80)
4(90 101 102 91)
4(101 112 113 102)
4(112 123 124 113)
4(123 134 135 124)
4(134 145 146 135)
4(3 14 15 4)
4(14 25 26 15)
4(25 36 37 26)
4(36 47 48 37)
4(47 58 59 48)
4(58 69 70 59)
4(69 80 81 70)
4(80 91 92 81)
4(91 102 103 92)
4(102 113 114 103)
4(113 124 125 114)
4(124 135 136 125)
4(135 146 147 136)
4(4 15 16 5)
4(15 26 27 16)
4(26 37 38 27)
4(37 48 49 38)
4(48 59 60 49)
4(59 70 71 60)
4(70 81 82 71)
4(81 92 93 82)
4(92 103 104 93)
4(103 114 115 104)
4(114 125 126 115)
4(125 136 137 126)
4(136 147 148 137)
4(5 16 17 6)
4(16 27 28 17)
4(27 38 39 28)
4(38 49 50 39)
4(49 60 61 50)
4(60 71 72 61)
4(71 82 83 72)
4(82 93 94 83)
4(93 104 105 94)
4(104 115 116 105)
4(115 126 127 116)
4(126 137 138 127)
4(137 148 149 138)
4(6 17 18 7)
4(17 28 29 18)
4(28 39 40 29)
4(39 50 51 40)
4(50 61 62 51)
4(61 72 73 62)
4(72 83 84 73)
4(83 94 95 84)
4(94 105 106 95)
4(105 116 117 106)
4(116 127 128 117)
4(127 138 139 128)
4(138 149 150 139)
4(7 18 19 8)
4(18 29 30 19)
4(29 40 41 30)
4(40 51 52 41)
4(51 62 63 52)
4(62 73 74 63)
4(73 84 85 74)
4(84 95 96 85)
4(95 106 107 96)
4(106 117 118 107)
4(117 128 129 118)
4(128 139 140 129)
4(139 150 151 140)
4(8 19 20 9)
4(19 30 31 20)
4(30 41 42 31)
4(41 52 53 42)
4(52 63 64 53)
4(63 74 75 64)
4(74 85 86 75)
4(85 96 97 86)
4(96 107 108 97)
4(107 118 119 108)
4(118 129 130 119)
4(129 140 141 130)
4(140 151 152 141)
4(9 20 21 10)
4(20 31 32 21)
4(31 42 43 32)
4(42 53 54 43)
4(53 64 65 54)
4(64 75 76 65)
4(75 86 87 76)
4(86 97 98 87)
4(97 108 109 98)
4(108 119 120 109)
4(119 130 131 120)
4(130 141 142 131)
4(141 152 153 142)
4(143 297 298 144)
4(297 308 309 298)
4(308 319 320 309)
4(319 330 331 320)
4(330 341 342 331)
4(341 352 353 342)
4(144 298 299 145)
4(298 309 310 299)
4(309 320 321 310)
4(320 331 332 321)
4(331 342 343 332)
4(342 353 354 343)
4(145 299 300 146)
4(299 310 311 300)
4(310 321 322 311)
4(321 332 333 322)
4(332 343 344 333)
4(343 354 355 344)
4(146 300 301 147)
4(300 311 312 301)
4(311 322 323 312)
4(322 333 334 323)
4(333 344 345 334)
4(344 355 356 345)
4(147 301 302 148)
4(301 312 313 302)
4(312 323 324 313)
4(323 334 335 324)
4(334 345 346 335)
4(345 356 357 346)
4(148 302 303 149)
4(302 313 314 303)
4(313 324 325 314)
4(324 335 336 325)
4(335 346 347 336)
4(346 357 358 347)
4(149 303 304 150)
4(303 314 315 304)
4(314 325 326 315)
4(325 336 337 326)
4(336 347 348 337)
4(347 358 359 348)
4(150 304 305 151)
4(304 315 316 305)
4(315 326 327 316)
4(326 337 338 327)
4(337 348 349 338)
4(348 359 360 349)
4(151 305 306 152)
4(305 316 317 306)
4(316 327 328 317)
4(327 338 339 328)
4(338 349 350 339)
4(349 360 361 350)
4(152 306 307 153)
4(306 317 318 307)
4(317 328 329 318)
4(328 339 340 329)
4(339 350 351 340)
4(350 361 362 351)
4(352 429 430 353)
4(429 440 441 430)
4(440 451 452 441)
4(451 462 463 452)
4(462 473 474 463)
4(473 484 485 474)
4(353 430 431 354)
4(430 441 442 431)
4(441 452 453 442)
4(452 463 464 453)
4(463 474 475 464)
4(474 485 486 475)
4(354 431 432 355)
4(431 442 443 432)
4(442 453 454 443)
4(453 464 465 454)
4(464 475 476 465)
4(475 486 487 476)
4(355 432 433 356)
4(432 443 444 433)
4(443 454 455 444)
4(454 465 466 455)
4(465 476 477 466)
4(476 487 488 477)
4(356 433 434 357)
4(433 444 445 434)
4(444 455 456 445)
4(455 466 467 456)
4(466 477 478 467)
4(477 488 489 478)
4(357 434 435 358)
4(434 445 446 435)
4(445 456 457 446)
4(456 467 468 457)
4(467 478 479 468)
4(478 489 490 479)
4(358 435 436 359)
4(435 446 447 436)
4(446 457 458 447)
4(457 468 469 458)
4(468 479 480 469)
4(479 490 491 480)
4(359 436 437 360)
4(436 447 448 437)
4(447 458 459 448)
4(458 469 470 459)
4(469 480 481 470)
4(480 491 492 481)
4(360 437 438 361)
4(437 448 449 438)
4(448 459 460 449)
4(459 470 471 460)
4(470 481 482 471)
4(481 492 493 482)
4(361 438 439 362)
4(438 449 450 439)
4(449 460 461 450)
4(460 471 472 461)
4(471 482 483 472)
4(482 493 494 483)
4(10 21 565 561)
4(21 32 569 565)
4(32 43 573 569)
4(43 54 577 573)
4(54 65 581 577)
4(65 76 585 581)
4(76 87 589 585)
4(87 98 593 589)
4(98 109 597 593)
4(109 120 601 597)
4(120 131 605 601)
4(131 142 609 605)
4(142 153 613 609)
4(561 565 566 562)
4(565 569 570 566)
4(569 573 574 570)
4(573 577 578 574)
4(577 581 582 578)
4(581 585 586 582)
4(585 589 590 586)
4(589 593 594 590)
4(593 597 598 594)
4(597 601 602 598)
4(601 605 606 602)
4(605 609 610 606)
4(609 613 614 610)
4(562 566 567 563)
4(566 570 571 567)
4(570 574 575 571)
4(574 578 579 575)
4(578 582 583 579)
4(582 586 587 583)
4(586 590 591 587)
4(590 594 595 591)
4(594 598 599 595)
4(598 602 603 599)
4(602 606 607 603)
4(606 610 611 607)
4(610 614 615 611)
4(563 567 568 564)
4(567 571 572 568)
4(571 575 576 572)
4(575 579 580 576)
4(579 583 584 580)
4(583 587 588 584)
4(587 591 592 588)
4(591 595 596 592)
4(595 599 600 596)
4(599 603 604 600)
4(603 607 608 604)
4(607 611 612 608)
4(611 615 616 612)
4(153 307 675 669)
4(307 318 681 675)
4(318 329 687 681)
4(329 340 693 687)
4(340 351 699 693)
4(351 362 439 699)
4(669 675 676 670)
4(675 681 682 676)
4(681 687 688 682)
4(687 693 694 688)
4(693 699 700 694)
4(699 439 450 700)
4(670 676 677 671)
4(676 682 683 677)
4(682 688 689 683)
4(688 694 695 689)
4(694 700 701 695)
4(700 450 461 701)
4(671 677 678 672)
4(677 683 684 678)
4(683 689 690 684)
4(689 695 696 690)
4(695 701 702 696)
4(701 461 472 702)
4(672 678 679 673)
4(678 684 685 679)
4(684 690 691 685)
4(690 696 697 691)
4(696 702 703 697)
4(702 472 483 703)
4(673 679 680 674)
4(679 685 686 680)
4(685 691 692 686)
4(691 697 698 692)
4(697 703 704 698)
4(703 483 494 704)
4(616 615 747 741)
4(615 614 753 747)
4(614 613 759 753)
4(613 153 669 759)
4(741 747 748 742)
4(747 753 754 748)
4(753 759 760 754)
4(759 669 670 760)
4(742 748 749 743)
4(748 754 755 749)
4(754 760 761 755)
4(760 670 671 761)
4(743 749 750 744)
4(749 755 756 750)
4(755 761 762 756)
4(761 671 672 762)
4(744 750 751 745)
4(750 756 757 751)
4(756 762 763 757)
4(762 672 673 763)
4(745 751 752 746)
4(751 757 758 752)
4(757 763 764 758)
4(763 673 674 764)
4(564 568 795 789)
4(568 572 801 795)
4(572 576 807 801)
4(576 580 813 807)
4(580 584 819 813)
4(584 588 825 819)
4(588 592 831 825)
4(592 596 837 831)
4(596 600 843 837)
4(600 604 849 843)
4(604 608 855 849)
4(608 612 861 855)
4(612 616 741 861)
4(789 795 796 790)
4(795 801 802 796)
4(801 807 808 802)
4(807 813 814 808)
4(813 819 820 814)
4(819 825 826 820)
4(825 831 832 826)
4(831 837 838 832)
4(837 843 844 838)
4(843 849 850 844)
4(849 855 856 850)
4(855 861 862 856)
4(861 741 742 862)
4(790 796 797 791)
4(796 802 803 797)
4(802 808 809 803)
4(808 814 815 809)
4(814 820 821 815)
4(820 826 827 821)
4(826 832 833 827)
4(832 838 839 833)
4(838 844 845 839)
4(844 850 851 845)
4(850 856 857 851)
4(856 862 863 857)
4(862 742 743 863)
4(791 797 798 792)
4(797 803 804 798)
4(803 809 810 804)
4(809 815 816 810)
4(815 821 822 816)
4(821 827 828 822)
4(827 833 834 828)
4(833 839 840 834)
4(839 845 846 840)
4(845 851 852 846)
4(851 857 858 852)
4(857 863 864 858)
4(863 743 744 864)
4(792 798 799 793)
4(798 804 805 799)
4(804 810 811 805)
4(810 816 817 811)
4(816 822 823 817)
4(822 828 829 823)
4(828 834 835 829)
4(834 840 841 835)
4(840 846 847 841)
4(846 852 853 847)
4(852 858 859 853)
4(858 864 865 859)
4(864 744 745 865)
4(793 799 800 794)
4(799 805 806 800)
4(805 811 812 806)
4(811 817 818 812)
4(817 823 824 818)
4(823 829 830 824)
4(829 835 836 830)
4(835 841 842 836)
4(841 847 848 842)
4(847 853 854 848)
4(853 859 860 854)
4(859 865 866 860)
4(865 745 746 866)
4(939 943 944 940)
4(943 947 948 944)
4(947 951 952 948)
4(951 955 956 952)
4(955 959 960 956)
4(959 963 964 960)
4(963 967 968 964)
4(967 971 972 968)
4(971 975 976 972)
4(975 979 980 976)
4(979 983 984 980)
4(983 987 988 984)
4(987 991 992 988)
4(940 944 945 941)
4(944 948 949 945)
4(948 952 953 949)
4(952 956 957 953)
4(956 960 961 957)
4(960 964 965 961)
4(964 968 969 965)
4(968 972 973 969)
4(972 976 977 973)
4(976 980 981 977)
4(980 984 985 981)
4(984 988 989 985)
4(988 992 993 989)
4(941 945 946 942)
4(945 949 950 946)
4(949 953 954 950)
4(953 957 958 954)
4(957 961 962 958)
4(961 965 966 962)
4(965 969 970 966)
4(969 973 974 970)
4(973 977 978 974)
4(977 981 982 978)
4(981 985 986 982)
4(985 989 990 986)
4(989 993 994 990)
4(942 946 11 0)
4(946 950 22 11)
4(950 954 33 22)
4(954 958 44 33)
4(958 962 55 44)
4(962 966 66 55)
4(966 970 77 66)
4(970 974 88 77)
4(974 978 99 88)
4(978 982 110 99)
4(982 986 121 110)
4(986 990 132 121)
4(990 994 143 132)
4(991 1047 1048 992)
4(1047 1052 1053 1048)
4(1052 1057 1058 1053)
4(1057 1062 1063 1058)
4(1062 1067 1068 1063)
4(1067 1072 1073 1068)
4(992 1048 1049 993)
4(1048 1053 1054 1049)
4(1053 1058 1059 1054)
4(1058 1063 1064 1059)
4(1063 1068 1069 1064)
4(1068 1073 1074 1069)
4(993 1049 1050 994)
4(1049 1054 1055 1050)
4(1054 1059 1060 1055)
4(1059 1064 1065 1060)
4(1064 1069 1070 1065)
4(1069 1074 1075 1070)
4(994 1050 1051 143)
4(1050 1055 1056 1051)
4(1055 1060 1061 1056)
4(1060 1065 1066 1061)
4(1065 1070 1071 1066)
4(1070 1075 1076 1071)
4(143 1051 1107 297)
4(1051 1056 1112 1107)
4(1056 1061 1117 1112)
4(1061 1066 1122 1117)
4(1066 1071 1127 1122)
4(1071 1076 1132 1127)
4(297 1107 1108 308)
4(1107 1112 1113 1108)
4(1112 1117 1118 1113)
4(1117 1122 1123 1118)
4(1122 1127 1128 1123)
4(1127 1132 1133 1128)
4(308 1108 1109 319)
4(1108 1113 1114 1109)
4(1113 1118 1119 1114)
4(1118 1123 1124 1119)
4(1123 1128 1129 1124)
4(1128 1133 1134 1129)
4(319 1109 1110 330)
4(1109 1114 1115 1110)
4(1114 1119 1120 1115)
4(1119 1124 1125 1120)
4(1124 1129 1130 1125)
4(1129 1134 1135 1130)
4(330 1110 1111 341)
4(1110 1115 1116 1111)
4(1115 1120 1121 1116)
4(1120 1125 1126 1121)
4(1125 1130 1131 1126)
4(1130 1135 1136 1131)
4(341 1111 429 352)
4(1111 1116 440 429)
4(1116 1121 451 440)
4(1121 1126 462 451)
4(1126 1131 473 462)
4(1131 1136 484 473)
4(1167 1173 1174 1168)
4(1173 1179 1180 1174)
4(1179 1185 1186 1180)
4(1185 1191 1192 1186)
4(1191 1197 1198 1192)
4(1197 1203 1204 1198)
4(1203 1209 1210 1204)
4(1209 1215 1216 1210)
4(1215 1221 1222 1216)
4(1221 1227 1228 1222)
4(1227 1233 1234 1228)
4(1233 1239 1240 1234)
4(1239 1072 1067 1240)
4(1168 1174 1175 1169)
4(1174 1180 1181 1175)
4(1180 1186 1187 1181)
4(1186 1192 1193 1187)
4(1192 1198 1199 1193)
4(1198 1204 1205 1199)
4(1204 1210 1211 1205)
4(1210 1216 1217 1211)
4(1216 1222 1223 1217)
4(1222 1228 1229 1223)
4(1228 1234 1235 1229)
4(1234 1240 1241 1235)
4(1240 1067 1062 1241)
4(1169 1175 1176 1170)
4(1175 1181 1182 1176)
4(1181 1187 1188 1182)
4(1187 1193 1194 1188)
4(1193 1199 1200 1194)
4(1199 1205 1206 1200)
4(1205 1211 1212 1206)
4(1211 1217 1218 1212)
4(1217 1223 1224 1218)
4(1223 1229 1230 1224)
4(1229 1235 1236 1230)
4(1235 1241 1242 1236)
4(1241 1062 1057 1242)
4(1170 1176 1177 1171)
4(1176 1182 1183 1177)
4(1182 1188 1189 1183)
4(1188 1194 1195 1189)
4(1194 1200 1201 1195)
4(1200 1206 1207 1201)
4(1206 1212 1213 1207)
4(1212 1218 1219 1213)
4(1218 1224 1225 1219)
4(1224 1230 1231 1225)
4(1230 1236 1237 1231)
4(1236 1242 1243 1237)
4(1242 1057 1052 1243)
4(1171 1177 1178 1172)
4(1177 1183 1184 1178)
4(1183 1189 1190 1184)
4(1189 1195 1196 1190)
4(1195 1201 1202 1196)
4(1201 1207 1208 1202)
4(1207 1213 1214 1208)
4(1213 1219 1220 1214)
4(1219 1225 1226 1220)
4(1225 1231 1232 1226)
4(1231 1237 1238 1232)
4(1237 1243 1244 1238)
4(1243 1052 1047 1244)
4(1172 1178 943 939)
4(1178 1184 947 943)
4(1184 1190 951 947)
4(1190 1196 955 951)
4(1196 1202 959 955)
4(1202 1208 963 959)
4(1208 1214 967 963)
4(1214 1220 971 967)
4(1220 1226 975 971)
4(1226 1232 979 975)
4(1232 1238 983 979)
4(1238 1244 987 983)
4(1244 1047 991 987)
4(0 1 155 154)
4(154 155 166 165)
4(165 166 177 176)
4(176 177 188 187)
4(187 188 199 198)
4(198 199 210 209)
4(209 210 221 220)
4(220 221 232 231)
4(231 232 243 242)
4(242 243 254 253)
4(253 254 265 264)
4(264 265 276 275)
4(275 276 287 286)
4(1 2 156 155)
4(155 156 167 166)
4(166 167 178 177)
4(177 178 189 188)
4(188 189 200 199)
4(199 200 211 210)
4(210 211 222 221)
4(221 222 233 232)
4(232 233 244 243)
4(243 244 255 254)
4(254 255 266 265)
4(265 266 277 276)
4(276 277 288 287)
4(2 3 157 156)
4(156 157 168 167)
4(167 168 179 178)
4(178 179 190 189)
4(189 190 201 200)
4(200 201 212 211)
4(211 212 223 222)
4(222 223 234 233)
4(233 234 245 244)
4(244 245 256 255)
4(255 256 267 266)
4(266 267 278 277)
4(277 278 289 288)
4(3 4 158 157)
4(157 158 169 168)
4(168 169 180 179)
4(179 180 191 190)
4(190 191 202 201)
4(201 202 213 212)
4(212 213 224 223)
4(223 224 235 234)
4(234 235 246 245)
4(245 246 257 256)
4(256 257 268 267)
4(267 268 279 278)
4(278 279 290 289)
4(4 5 159 158)
4(158 159 170 169)
4(169 170 181 180)
4(180 181 192 191)
4(191 192 203 202)
4(202 203 214 213)
4(213 214 225 224)
4(224 225 236 235)
4(235 236 247 246)
4(246 247 258 257)
4(257 258 269 268)
4(268 269 280 279)
4(279 280 291 290)
4(5 6 160 159)
4(159 160 171 170)
4(170 171 182 181)
4(181 182 193 192)
4(192 193 204 203)
4(203 204 215 214)
4(214 215 226 225)
4(225 226 237 236)
4(236 237 248 247)
4(247 248 259 258)
4(258 259 270 269)
4(269 270 281 280)
4(280 281 292 291)
4(6 7 161 160)
4(160 161 172 171)
4(171 172 183 182)
4(182 183 194 193)
4(193 194 205 204)
4(204 205 216 215)
4(215 216 227 226)
4(226 227 238 237)
4(237 238 249 248)
4(248 249 260 259)
4(259 260 271 270)
4(270 271 282 281)
4(281 282 293 292)
4(7 8 162 161)
4(161 162 173 172)
4(172 173 184 183)
4(183 184 195 194)
4(194 195 206 205)
4(205 206 217 216)
4(216 217 228 227)
4(227 228 239 238)
4(238 239 250 249)
4(249 250 261 260)
4(260 261 272 271)
4(271 272 283 282)
4(282 283 294 293)
4(8 9 163 162)
4(162 163 174 173)
4(173 174 185 184)
4(184 185 196 195)
4(195 196 207 206)
4(206 207 218 217)
4(217 218 229 228)
4(228 229 240 239)
4(239 240 251 250)
4(250 251 262 261)
4(261 262 273 272)
4(272 273 284 283)
4(283 284 295 294)
4(9 10 164 163)
4(163 164 175 174)
4(174 175 186 185)
4(185 186 197 196)
4(196 197 208 207)
4(207 208 219 218)
4(218 219 230 229)
4(229 230 241 240)
4(240 241 252 251)
4(251 252 263 262)
4(262 263 274 273)
4(273 274 285 284)
4(284 285 296 295)
4(286 287 364 363)
4(363 364 375 374)
4(374 375 386 385)
4(385 386 397 396)
4(396 397 408 407)
4(407 408 419 418)
4(287 288 365 364)
4(364 365 376 375)
4(375 376 387 386)
4(386 387 398 397)
4(397 398 409 408)
4(408 409 420 419)
4(288 289 366 365)
4(365 366 377 376)
4(376 377 388 387)
4(387 388 399 398)
4(398 399 410 409)
4(409 410 421 420)
4(289 290 367 366)
4(366 367 378 377)
4(377 378 389 388)
4(388 389 400 399)
4(399 400 411 410)
4(410 411 422 421)
4(290 291 368 367)
4(367 368 379 378)
4(378 379 390 389)
4(389 390 401 400)
4(400 401 412 411)
4(411 412 423 422)
4(291 292 369 368)
4(368 369 380 379)
4(379 380 391 390)
4(390 391 402 401)
4(401 402 413 412)
4(412 413 424 423)
4(292 293 370 369)
4(369 370 381 380)
4(380 381 392 391)
4(391 392 403 402)
4(402 403 414 413)
4(413 414 425 424)
4(293 294 371 370)
4(370 371 382 381)
4(381 382 393 392)
4(392 393 404 403)
4(403 404 415 414)
4(414 415 426 425)
4(294 295 372 371)
4(371 372 383 382)
4(382 383 394 393)
4(393 394 405 404)
4(404 405 416 415)
4(415 416 427 426)
4(295 296 373 372)
4(372 373 384 383)
4(383 384 395 394)
4(394 395 406 405)
4(405 406 417 416)
4(416 417 428 427)
4(418 419 496 495)
4(495 496 507 506)
4(506 507 518 517)
4(517 518 529 528)
4(528 529 540 539)
4(539 540 551 550)
4(419 420 497 496)
4(496 497 508 507)
4(507 508 519 518)
4(518 519 530 529)
4(529 530 541 540)
4(540 541 552 551)
4(420 421 498 497)
4(497 498 509 508)
4(508 509 520 519)
4(519 520 531 530)
4(530 531 542 541)
4(541 542 553 552)
4(421 422 499 498)
4(498 499 510 509)
4(509 510 521 520)
4(520 521 532 531)
4(531 532 543 542)
4(542 543 554 553)
4(422 423 500 499)
4(499 500 511 510)
4(510 511 522 521)
4(521 522 533 532)
4(532 533 544 543)
4(543 544 555 554)
4(423 424 501 500)
4(500 501 512 511)
4(511 512 523 522)
4(522 523 534 533)
4(533 534 545 544)
4(544 545 556 555)
4(424 425 502 501)
4(501 502 513 512)
4(512 513 524 523)
4(523 524 535 534)
4(534 535 546 545)
4(545 546 557 556)
4(425 426 503 502)
4(502 503 514 513)
4(513 514 525 524)
4(524 525 536 535)
4(535 536 547 546)
4(546 547 558 557)
4(426 427 504 503)
4(503 504 515 514)
4(514 515 526 525)
4(525 526 537 536)
4(536 537 548 547)
4(547 548 559 558)
4(427 428 505 504)
4(504 505 516 515)
4(515 516 527 526)
4(526 527 538 537)
4(537 538 549 548)
4(548 549 560 559)
4(10 561 617 164)
4(164 617 621 175)
4(175 621 625 186)
4(186 625 629 197)
4(197 629 633 208)
4(208 633 637 219)
4(219 637 641 230)
4(230 641 645 241)
4(241 645 649 252)
4(252 649 653 263)
4(263 653 657 274)
4(274 657 661 285)
4(285 661 665 296)
4(561 562 618 617)
4(617 618 622 621)
4(621 622 626 625)
4(625 626 630 629)
4(629 630 634 633)
4(633 634 638 637)
4(637 638 642 641)
4(641 642 646 645)
4(645 646 650 649)
4(649 650 654 653)
4(653 654 658 657)
4(657 658 662 661)
4(661 662 666 665)
4(562 563 619 618)
4(618 619 623 622)
4(622 623 627 626)
4(626 627 631 630)
4(630 631 635 634)
4(634 635 639 638)
4(638 639 643 642)
4(642 643 647 646)
4(646 647 651 650)
4(650 651 655 654)
4(654 655 659 658)
4(658 659 663 662)
4(662 663 667 666)
4(563 564 620 619)
4(619 620 624 623)
4(623 624 628 627)
4(627 628 632 631)
4(631 632 636 635)
4(635 636 640 639)
4(639 640 644 643)
4(643 644 648 647)
4(647 648 652 651)
4(651 652 656 655)
4(655 656 660 659)
4(659 660 664 663)
4(663 664 668 667)
4(296 705 711 373)
4(373 711 717 384)
4(384 717 723 395)
4(395 723 729 406)
4(406 729 735 417)
4(417 735 505 428)
4(705 706 712 711)
4(711 712 718 717)
4(717 718 724 723)
4(723 724 730 729)
4(729 730 736 735)
4(735 736 516 505)
4(706 707 713 712)
4(712 713 719 718)
4(718 719 725 724)
4(724 725 731 730)
4(730 731 737 736)
4(736 737 527 516)
4(707 708 714 713)
4(713 714 720 719)
4(719 720 726 725)
4(725 726 732 731)
4(731 732 738 737)
4(737 738 538 527)
4(708 709 715 714)
4(714 715 721 720)
4(720 721 727 726)
4(726 727 733 732)
4(732 733 739 738)
4(738 739 549 538)
4(709 710 716 715)
4(715 716 722 721)
4(721 722 728 727)
4(727 728 734 733)
4(733 734 740 739)
4(739 740 560 549)
4(668 765 771 667)
4(667 771 777 666)
4(666 777 783 665)
4(665 783 705 296)
4(765 766 772 771)
4(771 772 778 777)
4(777 778 784 783)
4(783 784 706 705)
4(766 767 773 772)
4(772 773 779 778)
4(778 779 785 784)
4(784 785 707 706)
4(767 768 774 773)
4(773 774 780 779)
4(779 780 786 785)
4(785 786 708 707)
4(768 769 775 774)
4(774 775 781 780)
4(780 781 787 786)
4(786 787 709 708)
4(769 770 776 775)
4(775 776 782 781)
4(781 782 788 787)
4(787 788 710 709)
4(564 789 867 620)
4(620 867 873 624)
4(624 873 879 628)
4(628 879 885 632)
4(632 885 891 636)
4(636 891 897 640)
4(640 897 903 644)
4(644 903 909 648)
4(648 909 915 652)
4(652 915 921 656)
4(656 921 927 660)
4(660 927 933 664)
4(664 933 765 668)
4(789 790 868 867)
4(867 868 874 873)
4(873 874 880 879)
4(879 880 886 885)
4(885 886 892 891)
4(891 892 898 897)
4(897 898 904 903)
4(903 904 910 909)
4(909 910 916 915)
4(915 916 922 921)
4(921 922 928 927)
4(927 928 934 933)
4(933 934 766 765)
4(790 791 869 868)
4(868 869 875 874)
4(874 875 881 880)
4(880 881 887 886)
4(886 887 893 892)
4(892 893 899 898)
4(898 899 905 904)
4(904 905 911 910)
4(910 911 917 916)
4(916 917 923 922)
4(922 923 929 928)
4(928 929 935 934)
4(934 935 767 766)
4(791 792 870 869)
4(869 870 876 875)
4(875 876 882 881)
4(881 882 888 887)
4(887 888 894 893)
4(893 894 900 899)
4(899 900 906 905)
4(905 906 912 911)
4(911 912 918 917)
4(917 918 924 923)
4(923 924 930 929)
4(929 930 936 935)
4(935 936 768 767)
4(792 793 871 870)
4(870 871 877 876)
4(876 877 883 882)
4(882 883 889 888)
4(888 889 895 894)
4(894 895 901 900)
4(900 901 907 906)
4(906 907 913 912)
4(912 913 919 918)
4(918 919 925 924)
4(924 925 931 930)
4(930 931 937 936)
4(936 937 769 768)
4(793 794 872 871)
4(871 872 878 877)
4(877 878 884 883)
4(883 884 890 889)
4(889 890 896 895)
4(895 896 902 901)
4(901 902 908 907)
4(907 908 914 913)
4(913 914 920 919)
4(919 920 926 925)
4(925 926 932 931)
4(931 932 938 937)
4(937 938 770 769)
4(939 940 996 995)
4(995 996 1000 999)
4(999 1000 1004 1003)
4(1003 1004 1008 1007)
4(1007 1008 1012 1011)
4(1011 1012 1016 1015)
4(1015 1016 1020 1019)
4(1019 1020 1024 1023)
4(1023 1024 1028 1027)
4(1027 1028 1032 1031)
4(1031 1032 1036 1035)
4(1035 1036 1040 1039)
4(1039 1040 1044 1043)
4(940 941 997 996)
4(996 997 1001 1000)
4(1000 1001 1005 1004)
4(1004 1005 1009 1008)
4(1008 1009 1013 1012)
4(1012 1013 1017 1016)
4(1016 1017 1021 1020)
4(1020 1021 1025 1024)
4(1024 1025 1029 1028)
4(1028 1029 1033 1032)
4(1032 1033 1037 1036)
4(1036 1037 1041 1040)
4(1040 1041 1045 1044)
4(941 942 998 997)
4(997 998 1002 1001)
4(1001 1002 1006 1005)
4(1005 1006 1010 1009)
4(1009 1010 1014 1013)
4(1013 1014 1018 1017)
4(1017 1018 1022 1021)
4(1021 1022 1026 1025)
4(1025 1026 1030 1029)
4(1029 1030 1034 1033)
4(1033 1034 1038 1037)
4(1037 1038 1042 1041)
4(1041 1042 1046 1045)
4(942 0 154 998)
4(998 154 165 1002)
4(1002 165 176 1006)
4(1006 176 187 1010)
4(1010 187 198 1014)
4(1014 198 209 1018)
4(1018 209 220 1022)
4(1022 220 231 1026)
4(1026 231 242 1030)
4(1030 242 253 1034)
4(1034 253 264 1038)
4(1038 264 275 1042)
4(1042 275 286 1046)
4(1043 1044 1078 1077)
4(1077 1078 1083 1082)
4(1082 1083 1088 1087)
4(1087 1088 1093 1092)
4(1092 1093 1098 1097)
4(1097 1098 1103 1102)
4(1044 1045 1079 1078)
4(1078 1079 1084 1083)
4(1083 1084 1089 1088)
4(1088 1089 1094 1093)
4(1093 1094 1099 1098)
4(1098 1099 1104 1103)
4(1045 1046 1080 1079)
4(1079 1080 1085 1084)
4(1084 1085 1090 1089)
4(1089 1090 1095 1094)
4(1094 1095 1100 1099)
4(1099 1100 1105 1104)
4(1046 286 1081 1080)
4(1080 1081 1086 1085)
4(1085 1086 1091 1090)
4(1090 1091 1096 1095)
4(1095 1096 1101 1100)
4(1100 1101 1106 1105)
4(286 363 1137 1081)
4(1081 1137 1142 1086)
4(1086 1142 1147 1091)
4(1091 1147 1152 1096)
4(1096 1152 1157 1101)
4(1101 1157 1162 1106)
4(363 374 1138 1137)
4(1137 1138 1143 1142)
4(1142 1143 1148 1147)
4(1147 1148 1153 1152)
4(1152 1153 1158 1157)
4(1157 1158 1163 1162)
4(374 385 1139 1138)
4(1138 1139 1144 1143)
4(1143 1144 1149 1148)
4(1148 1149 1154 1153)
4(1153 1154 1159 1158)
4(1158 1159 1164 1163)
4(385 396 1140 1139)
4(1139 1140 1145 1144)
4(1144 1145 1150 1149)
4(1149 1150 1155 1154)
4(1154 1155 1160 1159)
4(1159 1160 1165 1164)
4(396 407 1141 1140)
4(1140 1141 1146 1145)
4(1145 1146 1151 1150)
4(1150 1151 1156 1155)
4(1155 1156 1161 1160)
4(1160 1161 1166 1165)
4(407 418 495 1141)
4(1141 495 506 1146)
4(1146 506 517 1151)
4(1151 517 528 1156)
4(1156 528 539 1161)
4(1161 539 550 1166)
4(1167 1168 1246 1245)
4(1245 1246 1252 1251)
4(1251 1252 1258 1257)
4(1257 1258 1264 1263)
4(1263 1264 1270 1269)
4(1269 1270 1276 1275)
4(1275 1276 1282 1281)
4(1281 1282 1288 1287)
4(1287 1288 1294 1293)
4(1293 1294 1300 1299)
4(1299 1300 1306 1305)
4(1305 1306 1312 1311)
4(1311 1312 1097 1102)
4(1168 1169 1247 1246)
4(1246 1247 1253 1252)
4(1252 1253 1259 1258)
4(1258 1259 1265 1264)
4(1264 1265 1271 1270)
4(1270 1271 1277 1276)
4(1276 1277 1283 1282)
4(1282 1283 1289 1288)
4(1288 1289 1295 1294)
4(1294 1295 1301 1300)
4(1300 1301 1307 1306)
4(1306 1307 1313 1312)
4(1312 1313 1092 1097)
4(1169 1170 1248 1247)
4(1247 1248 1254 1253)
4(1253 1254 1260 1259)
4(1259 1260 1266 1265)
4(1265 1266 1272 1271)
4(1271 1272 1278 1277)
4(1277 1278 1284 1283)
4(1283 1284 1290 1289)
4(1289 1290 1296 1295)
4(1295 1296 1302 1301)
4(1301 1302 1308 1307)
4(1307 1308 1314 1313)
4(1313 1314 1087 1092)
4(1170 1171 1249 1248)
4(1248 1249 1255 1254)
4(1254 1255 1261 1260)
4(1260 1261 1267 1266)
4(1266 1267 1273 1272)
4(1272 1273 1279 1278)
4(1278 1279 1285 1284)
4(1284 1285 1291 1290)
4(1290 1291 1297 1296)
4(1296 1297 1303 1302)
4(1302 1303 1309 1308)
4(1308 1309 1315 1314)
4(1314 1315 1082 1087)
4(1171 1172 1250 1249)
4(1249 1250 1256 1255)
4(1255 1256 1262 1261)
4(1261 1262 1268 1267)
4(1267 1268 1274 1273)
4(1273 1274 1280 1279)
4(1279 1280 1286 1285)
4(1285 1286 1292 1291)
4(1291 1292 1298 1297)
4(1297 1298 1304 1303)
4(1303 1304 1310 1309)
4(1309 1310 1316 1315)
4(1315 1316 1077 1082)
4(1172 939 995 1250)
4(1250 995 999 1256)
4(1256 999 1003 1262)
4(1262 1003 1007 1268)
4(1268 1007 1011 1274)
4(1274 1011 1015 1280)
4(1280 1015 1019 1286)
4(1286 1019 1023 1292)
4(1292 1023 1027 1298)
4(1298 1027 1031 1304)
4(1304 1031 1035 1310)
4(1310 1035 1039 1316)
4(1316 1039 1043 1077)
)


// ************************************************************************* //
