/*--------------------------------*- C++ -*----------------------------------*\
| =========                 |                                                 |
| \\      /  F ield         | OpenFOAM: The Open Source CFD Toolbox           |
|  \\    /   O peration     | Version:  2312                                  |
|   \\  /    A nd           | Website:  www.openfoam.com                      |
|    \\/     M anipulation  |                                                 |
\*---------------------------------------------------------------------------*/
FoamFile
{
    version     2.0;
    format      ascii;
    arch        "LSB;label=32;scalar=64";
    note        "nPoints:1317  nCells:630  nFaces:2533  nInternalFaces:1217";
    class       labelList;
    location    "constant/polyMesh";
    object      neighbour;
}
// * * * * * * * * * * * * * * * * * * * * * * * * * * * * * * * * * * * * * //


1217
(
1
10
443
2
11
3
12
4
13
5
14
6
15
7
16
8
17
9
18
19
250
11
20
447
12
21
13
22
14
23
15
24
16
25
17
26
18
27
19
28
29
254
21
30
451
22
31
23
32
24
33
25
34
26
35
27
36
28
37
29
38
39
258
31
40
455
32
41
33
42
34
43
35
44
36
45
37
46
38
47
39
48
49
262
41
50
459
42
51
43
52
44
53
45
54
46
55
47
56
48
57
49
58
59
266
51
60
463
52
61
53
62
54
63
55
64
56
65
57
66
58
67
59
68
69
270
61
70
467
62
71
63
72
64
73
65
74
66
75
67
76
68
77
69
78
79
274
71
80
471
72
81
73
82
74
83
75
84
76
85
77
86
78
87
79
88
89
278
81
90
475
82
91
83
92
84
93
85
94
86
95
87
96
88
97
89
98
99
282
91
100
479
92
101
93
102
94
103
95
104
96
105
97
106
98
107
99
108
109
286
101
110
483
102
111
103
112
104
113
105
114
106
115
107
116
108
117
109
118
119
290
111
120
487
112
121
113
122
114
123
115
124
116
125
117
126
118
127
119
128
129
294
121
130
491
122
131
123
132
124
133
125
134
126
135
127
136
128
137
129
138
139
298
131
140
516
132
141
133
142
134
143
135
144
136
145
137
146
138
147
139
148
149
302
141
150
517
142
151
143
152
144
153
145
154
146
155
147
156
148
157
149
158
159
308
151
160
518
152
161
153
162
154
163
155
164
156
165
157
166
158
167
159
168
169
314
161
170
519
162
171
163
172
164
173
165
174
166
175
167
176
168
177
169
178
179
320
171
180
520
172
181
173
182
174
183
175
184
176
185
177
186
178
187
179
188
189
326
181
190
521
182
191
183
192
184
193
185
194
186
195
187
196
188
197
189
198
199
332
191
200
521
192
201
193
202
194
203
195
204
196
205
197
206
198
207
199
208
209
332
201
210
527
202
211
203
212
204
213
205
214
206
215
207
216
208
217
209
218
219
333
211
220
533
212
221
213
222
214
223
215
224
216
225
217
226
218
227
219
228
229
334
221
230
539
222
231
223
232
224
233
225
234
226
235
227
236
228
237
229
238
239
335
231
240
545
232
241
233
242
234
243
235
244
236
245
237
246
238
247
239
248
249
336
241
551
242
243
244
245
246
247
248
249
337
251
254
252
255
253
256
257
362
255
258
256
259
257
260
261
368
259
262
260
263
261
264
265
374
263
266
264
267
265
268
269
380
267
270
268
271
269
272
273
386
271
274
272
275
273
276
277
392
275
278
276
279
277
280
281
398
279
282
280
283
281
284
285
404
283
286
284
287
285
288
289
410
287
290
288
291
289
292
293
416
291
294
292
295
293
296
297
422
295
298
296
299
297
300
301
428
299
356
300
350
301
344
338
434
303
308
356
304
309
357
305
310
358
306
311
359
307
312
360
313
361
309
314
310
315
311
316
312
317
313
318
319
315
320
316
321
317
322
318
323
319
324
325
321
326
322
327
323
328
324
329
325
330
331
327
332
328
333
329
334
330
335
331
336
337
333
334
335
336
337
339
344
434
340
345
435
341
346
436
342
347
437
343
348
438
349
439
345
350
346
351
347
352
348
353
349
354
355
351
356
352
357
353
358
354
359
355
360
361
357
358
359
360
361
363
368
364
369
365
370
366
371
367
372
373
369
374
370
375
371
376
372
377
373
378
379
375
380
376
381
377
382
378
383
379
384
385
381
386
382
387
383
388
384
389
385
390
391
387
392
388
393
389
394
390
395
391
396
397
393
398
394
399
395
400
396
401
397
402
403
399
404
400
405
401
406
402
407
403
408
409
405
410
406
411
407
412
408
413
409
414
415
411
416
412
417
413
418
414
419
415
420
421
417
422
418
423
419
424
420
425
421
426
427
423
428
424
429
425
430
426
431
427
432
433
429
434
430
435
431
436
432
437
433
438
439
435
436
437
438
439
441
444
557
442
445
443
446
447
445
448
563
446
449
447
450
451
449
452
569
450
453
451
454
455
453
456
575
454
457
455
458
459
457
460
581
458
461
459
462
463
461
464
587
462
465
463
466
467
465
468
593
466
469
467
470
471
469
472
599
470
473
471
474
475
473
476
605
474
477
475
478
479
477
480
611
478
481
479
482
483
481
484
617
482
485
483
486
487
485
488
623
486
489
487
490
491
489
492
629
490
493
491
494
495
493
496
629
494
497
495
498
499
516
497
500
628
498
501
499
502
503
522
501
504
627
502
505
503
506
507
528
505
508
626
506
509
507
510
511
534
509
512
625
510
513
511
514
515
540
513
624
514
515
546
517
522
518
523
519
524
520
525
521
526
527
523
528
524
529
525
530
526
531
527
532
533
529
534
530
535
531
536
532
537
533
538
539
535
540
536
541
537
542
538
543
539
544
545
541
546
542
547
543
548
544
549
545
550
551
547
548
549
550
551
553
558
554
559
555
560
556
561
557
562
563
559
564
560
565
561
566
562
567
563
568
569
565
570
566
571
567
572
568
573
569
574
575
571
576
572
577
573
578
574
579
575
580
581
577
582
578
583
579
584
580
585
581
586
587
583
588
584
589
585
590
586
591
587
592
593
589
594
590
595
591
596
592
597
593
598
599
595
600
596
601
597
602
598
603
599
604
605
601
606
602
607
603
608
604
609
605
610
611
607
612
608
613
609
614
610
615
611
616
617
613
618
614
619
615
620
616
621
617
622
623
619
624
620
625
621
626
622
627
623
628
629
625
626
627
628
629
)


// ************************************************************************* //
