/*--------------------------------*- C++ -*----------------------------------*\
| =========                 |                                                 |
| \\      /  F ield         | OpenFOAM: The Open Source CFD Toolbox           |
|  \\    /   O peration     | Version:  2312                                  |
|   \\  /    A nd           | Website:  www.openfoam.com                      |
|    \\/     M anipulation  |                                                 |
\*---------------------------------------------------------------------------*/
FoamFile
{
    version     2.0;
    format      ascii;
    arch        "LSB;label=32;scalar=64";
    note        "nPoints:1317  nCells:630  nFaces:2533  nInternalFaces:1217";
    class       labelList;
    location    "constant/polyMesh";
    object      owner;
}
// * * * * * * * * * * * * * * * * * * * * * * * * * * * * * * * * * * * * * //


2533
(
0
0
0
1
1
2
2
3
3
4
4
5
5
6
6
7
7
8
8
9
9
10
10
10
11
11
12
12
13
13
14
14
15
15
16
16
17
17
18
18
19
19
20
20
20
21
21
22
22
23
23
24
24
25
25
26
26
27
27
28
28
29
29
30
30
30
31
31
32
32
33
33
34
34
35
35
36
36
37
37
38
38
39
39
40
40
40
41
41
42
42
43
43
44
44
45
45
46
46
47
47
48
48
49
49
50
50
50
51
51
52
52
53
53
54
54
55
55
56
56
57
57
58
58
59
59
60
60
60
61
61
62
62
63
63
64
64
65
65
66
66
67
67
68
68
69
69
70
70
70
71
71
72
72
73
73
74
74
75
75
76
76
77
77
78
78
79
79
80
80
80
81
81
82
82
83
83
84
84
85
85
86
86
87
87
88
88
89
89
90
90
90
91
91
92
92
93
93
94
94
95
95
96
96
97
97
98
98
99
99
100
100
100
101
101
102
102
103
103
104
104
105
105
106
106
107
107
108
108
109
109
110
110
110
111
111
112
112
113
113
114
114
115
115
116
116
117
117
118
118
119
119
120
120
120
121
121
122
122
123
123
124
124
125
125
126
126
127
127
128
128
129
129
130
130
130
131
131
132
132
133
133
134
134
135
135
136
136
137
137
138
138
139
139
140
140
140
141
141
142
142
143
143
144
144
145
145
146
146
147
147
148
148
149
149
150
150
150
151
151
152
152
153
153
154
154
155
155
156
156
157
157
158
158
159
159
160
160
160
161
161
162
162
163
163
164
164
165
165
166
166
167
167
168
168
169
169
170
170
170
171
171
172
172
173
173
174
174
175
175
176
176
177
177
178
178
179
179
180
180
180
181
181
182
182
183
183
184
184
185
185
186
186
187
187
188
188
189
189
190
190
190
191
191
192
192
193
193
194
194
195
195
196
196
197
197
198
198
199
199
200
200
200
201
201
202
202
203
203
204
204
205
205
206
206
207
207
208
208
209
209
210
210
210
211
211
212
212
213
213
214
214
215
215
216
216
217
217
218
218
219
219
220
220
220
221
221
222
222
223
223
224
224
225
225
226
226
227
227
228
228
229
229
230
230
230
231
231
232
232
233
233
234
234
235
235
236
236
237
237
238
238
239
239
240
240
241
242
243
244
245
246
247
248
249
250
250
251
251
252
252
253
253
254
254
255
255
256
256
257
257
258
258
259
259
260
260
261
261
262
262
263
263
264
264
265
265
266
266
267
267
268
268
269
269
270
270
271
271
272
272
273
273
274
274
275
275
276
276
277
277
278
278
279
279
280
280
281
281
282
282
283
283
284
284
285
285
286
286
287
287
288
288
289
289
290
290
291
291
292
292
293
293
294
294
295
295
296
296
297
297
298
298
299
299
300
300
301
301
302
302
302
303
303
303
304
304
304
305
305
305
306
306
306
307
307
308
308
309
309
310
310
311
311
312
312
313
314
314
315
315
316
316
317
317
318
318
319
320
320
321
321
322
322
323
323
324
324
325
326
326
327
327
328
328
329
329
330
330
331
332
333
334
335
336
338
338
338
339
339
339
340
340
340
341
341
341
342
342
342
343
343
344
344
345
345
346
346
347
347
348
348
349
350
350
351
351
352
352
353
353
354
354
355
356
357
358
359
360
362
362
363
363
364
364
365
365
366
366
367
368
368
369
369
370
370
371
371
372
372
373
374
374
375
375
376
376
377
377
378
378
379
380
380
381
381
382
382
383
383
384
384
385
386
386
387
387
388
388
389
389
390
390
391
392
392
393
393
394
394
395
395
396
396
397
398
398
399
399
400
400
401
401
402
402
403
404
404
405
405
406
406
407
407
408
408
409
410
410
411
411
412
412
413
413
414
414
415
416
416
417
417
418
418
419
419
420
420
421
422
422
423
423
424
424
425
425
426
426
427
428
428
429
429
430
430
431
431
432
432
433
434
435
436
437
438
440
440
440
441
441
442
442
443
444
444
444
445
445
446
446
447
448
448
448
449
449
450
450
451
452
452
452
453
453
454
454
455
456
456
456
457
457
458
458
459
460
460
460
461
461
462
462
463
464
464
464
465
465
466
466
467
468
468
468
469
469
470
470
471
472
472
472
473
473
474
474
475
476
476
476
477
477
478
478
479
480
480
480
481
481
482
482
483
484
484
484
485
485
486
486
487
488
488
488
489
489
490
490
491
492
492
492
493
493
494
494
495
495
496
496
496
497
497
498
498
499
499
500
500
500
501
501
502
502
503
503
504
504
504
505
505
506
506
507
507
508
508
508
509
509
510
510
511
511
512
512
513
514
515
516
516
517
517
518
518
519
519
520
520
521
522
522
523
523
524
524
525
525
526
526
527
528
528
529
529
530
530
531
531
532
532
533
534
534
535
535
536
536
537
537
538
538
539
540
540
541
541
542
542
543
543
544
544
545
546
547
548
549
550
552
552
553
553
554
554
555
555
556
556
557
558
558
559
559
560
560
561
561
562
562
563
564
564
565
565
566
566
567
567
568
568
569
570
570
571
571
572
572
573
573
574
574
575
576
576
577
577
578
578
579
579
580
580
581
582
582
583
583
584
584
585
585
586
586
587
588
588
589
589
590
590
591
591
592
592
593
594
594
595
595
596
596
597
597
598
598
599
600
600
601
601
602
602
603
603
604
604
605
606
606
607
607
608
608
609
609
610
610
611
612
612
613
613
614
614
615
615
616
616
617
618
618
619
619
620
620
621
621
622
622
623
624
625
626
627
628
552
558
564
570
576
582
588
594
600
606
612
618
624
512
513
514
515
546
547
548
549
550
551
240
241
242
243
244
245
246
247
248
249
307
313
319
325
331
337
343
349
355
361
367
373
379
385
391
397
403
409
415
421
427
433
439
0
10
20
30
40
50
60
70
80
90
100
110
120
1
11
21
31
41
51
61
71
81
91
101
111
121
2
12
22
32
42
52
62
72
82
92
102
112
122
3
13
23
33
43
53
63
73
83
93
103
113
123
4
14
24
34
44
54
64
74
84
94
104
114
124
5
15
25
35
45
55
65
75
85
95
105
115
125
6
16
26
36
46
56
66
76
86
96
106
116
126
7
17
27
37
47
57
67
77
87
97
107
117
127
8
18
28
38
48
58
68
78
88
98
108
118
128
9
19
29
39
49
59
69
79
89
99
109
119
129
130
140
150
160
170
180
131
141
151
161
171
181
132
142
152
162
172
182
133
143
153
163
173
183
134
144
154
164
174
184
135
145
155
165
175
185
136
146
156
166
176
186
137
147
157
167
177
187
138
148
158
168
178
188
139
149
159
169
179
189
190
200
210
220
230
240
191
201
211
221
231
241
192
202
212
222
232
242
193
203
213
223
233
243
194
204
214
224
234
244
195
205
215
225
235
245
196
206
216
226
236
246
197
207
217
227
237
247
198
208
218
228
238
248
199
209
219
229
239
249
250
254
258
262
266
270
274
278
282
286
290
294
298
251
255
259
263
267
271
275
279
283
287
291
295
299
252
256
260
264
268
272
276
280
284
288
292
296
300
253
257
261
265
269
273
277
281
285
289
293
297
301
302
308
314
320
326
332
303
309
315
321
327
333
304
310
316
322
328
334
305
311
317
323
329
335
306
312
318
324
330
336
307
313
319
325
331
337
338
344
350
356
339
345
351
357
340
346
352
358
341
347
353
359
342
348
354
360
343
349
355
361
362
368
374
380
386
392
398
404
410
416
422
428
434
363
369
375
381
387
393
399
405
411
417
423
429
435
364
370
376
382
388
394
400
406
412
418
424
430
436
365
371
377
383
389
395
401
407
413
419
425
431
437
366
372
378
384
390
396
402
408
414
420
426
432
438
367
373
379
385
391
397
403
409
415
421
427
433
439
440
444
448
452
456
460
464
468
472
476
480
484
488
441
445
449
453
457
461
465
469
473
477
481
485
489
442
446
450
454
458
462
466
470
474
478
482
486
490
443
447
451
455
459
463
467
471
475
479
483
487
491
492
496
500
504
508
512
493
497
501
505
509
513
494
498
502
506
510
514
495
499
503
507
511
515
516
522
528
534
540
546
517
523
529
535
541
547
518
524
530
536
542
548
519
525
531
537
543
549
520
526
532
538
544
550
521
527
533
539
545
551
552
558
564
570
576
582
588
594
600
606
612
618
624
553
559
565
571
577
583
589
595
601
607
613
619
625
554
560
566
572
578
584
590
596
602
608
614
620
626
555
561
567
573
579
585
591
597
603
609
615
621
627
556
562
568
574
580
586
592
598
604
610
616
622
628
557
563
569
575
581
587
593
599
605
611
617
623
629
0
10
20
30
40
50
60
70
80
90
100
110
120
1
11
21
31
41
51
61
71
81
91
101
111
121
2
12
22
32
42
52
62
72
82
92
102
112
122
3
13
23
33
43
53
63
73
83
93
103
113
123
4
14
24
34
44
54
64
74
84
94
104
114
124
5
15
25
35
45
55
65
75
85
95
105
115
125
6
16
26
36
46
56
66
76
86
96
106
116
126
7
17
27
37
47
57
67
77
87
97
107
117
127
8
18
28
38
48
58
68
78
88
98
108
118
128
9
19
29
39
49
59
69
79
89
99
109
119
129
130
140
150
160
170
180
131
141
151
161
171
181
132
142
152
162
172
182
133
143
153
163
173
183
134
144
154
164
174
184
135
145
155
165
175
185
136
146
156
166
176
186
137
147
157
167
177
187
138
148
158
168
178
188
139
149
159
169
179
189
190
200
210
220
230
240
191
201
211
221
231
241
192
202
212
222
232
242
193
203
213
223
233
243
194
204
214
224
234
244
195
205
215
225
235
245
196
206
216
226
236
246
197
207
217
227
237
247
198
208
218
228
238
248
199
209
219
229
239
249
250
254
258
262
266
270
274
278
282
286
290
294
298
251
255
259
263
267
271
275
279
283
287
291
295
299
252
256
260
264
268
272
276
280
284
288
292
296
300
253
257
261
265
269
273
277
281
285
289
293
297
301
302
308
314
320
326
332
303
309
315
321
327
333
304
310
316
322
328
334
305
311
317
323
329
335
306
312
318
324
330
336
307
313
319
325
331
337
338
344
350
356
339
345
351
357
340
346
352
358
341
347
353
359
342
348
354
360
343
349
355
361
362
368
374
380
386
392
398
404
410
416
422
428
434
363
369
375
381
387
393
399
405
411
417
423
429
435
364
370
376
382
388
394
400
406
412
418
424
430
436
365
371
377
383
389
395
401
407
413
419
425
431
437
366
372
378
384
390
396
402
408
414
420
426
432
438
367
373
379
385
391
397
403
409
415
421
427
433
439
440
444
448
452
456
460
464
468
472
476
480
484
488
441
445
449
453
457
461
465
469
473
477
481
485
489
442
446
450
454
458
462
466
470
474
478
482
486
490
443
447
451
455
459
463
467
471
475
479
483
487
491
492
496
500
504
508
512
493
497
501
505
509
513
494
498
502
506
510
514
495
499
503
507
511
515
516
522
528
534
540
546
517
523
529
535
541
547
518
524
530
536
542
548
519
525
531
537
543
549
520
526
532
538
544
550
521
527
533
539
545
551
552
558
564
570
576
582
588
594
600
606
612
618
624
553
559
565
571
577
583
589
595
601
607
613
619
625
554
560
566
572
578
584
590
596
602
608
614
620
626
555
561
567
573
579
585
591
597
603
609
615
621
627
556
562
568
574
580
586
592
598
604
610
616
622
628
557
563
569
575
581
587
593
599
605
611
617
623
629
)


// ************************************************************************* //
