/*--------------------------------*- C++ -*----------------------------------*\
| =========                 |                                                 |
| \\      /  F ield         | OpenFOAM: The Open Source CFD Toolbox           |
|  \\    /   O peration     | Version:  2312                                  |
|   \\  /    A nd           | Website:  www.openfoam.com                      |
|    \\/     M anipulation  |                                                 |
\*---------------------------------------------------------------------------*/
FoamFile
{
    version     2.0;
    format      ascii;
    arch        "LSB;label=32;scalar=64";
    class       vectorField;
    location    "constant/polyMesh";
    object      points;
}
// * * * * * * * * * * * * * * * * * * * * * * * * * * * * * * * * * * * * * //


1317
(
(-0.0095 0 0)
(-0.0076 0 0)
(-0.0057 0 0)
(-0.0038 0 0)
(-0.0019 0 0)
(0 0 0)
(0.0019 0 0)
(0.0038 0 0)
(0.0057 0 0)
(0.0076 0 0)
(0.0095 0 0)
(-0.009423076923 0.002076923077 -9.056541957e-05)
(-0.007538461538 0.002076923077 -9.056541957e-05)
(-0.005653846154 0.002076923077 -9.056541957e-05)
(-0.003769230769 0.002076923077 -9.056541957e-05)
(-0.001884615385 0.002076923077 -9.056541957e-05)
(0 0.002076923077 -9.056541957e-05)
(0.001884615385 0.002076923077 -9.056541957e-05)
(0.003769230769 0.002076923077 -9.056541957e-05)
(0.005653846154 0.002076923077 -9.056541957e-05)
(0.007538461538 0.002076923077 -9.056541957e-05)
(0.009423076923 0.002076923077 -9.056541957e-05)
(-0.009346153846 0.004153846154 -0.0001811308391)
(-0.007476923077 0.004153846154 -0.0001811308391)
(-0.005607692308 0.004153846154 -0.0001811308391)
(-0.003738461538 0.004153846154 -0.0001811308391)
(-0.001869230769 0.004153846154 -0.0001811308391)
(0 0.004153846154 -0.0001811308391)
(0.001869230769 0.004153846154 -0.0001811308391)
(0.003738461538 0.004153846154 -0.0001811308391)
(0.005607692308 0.004153846154 -0.0001811308391)
(0.007476923077 0.004153846154 -0.0001811308391)
(0.009346153846 0.004153846154 -0.0001811308391)
(-0.009269230769 0.006230769231 -0.0002716962587)
(-0.007415384615 0.006230769231 -0.0002716962587)
(-0.005561538462 0.006230769231 -0.0002716962587)
(-0.003707692308 0.006230769231 -0.0002716962587)
(-0.001853846154 0.006230769231 -0.0002716962587)
(0 0.006230769231 -0.0002716962587)
(0.001853846154 0.006230769231 -0.0002716962587)
(0.003707692308 0.006230769231 -0.0002716962587)
(0.005561538462 0.006230769231 -0.0002716962587)
(0.007415384615 0.006230769231 -0.0002716962587)
(0.009269230769 0.006230769231 -0.0002716962587)
(-0.009192307692 0.008307692308 -0.0003622616783)
(-0.007353846154 0.008307692308 -0.0003622616783)
(-0.005515384615 0.008307692308 -0.0003622616783)
(-0.003676923077 0.008307692308 -0.0003622616783)
(-0.001838461538 0.008307692308 -0.0003622616783)
(0 0.008307692308 -0.0003622616783)
(0.001838461538 0.008307692308 -0.0003622616783)
(0.003676923077 0.008307692308 -0.0003622616783)
(0.005515384615 0.008307692308 -0.0003622616783)
(0.007353846154 0.008307692308 -0.0003622616783)
(0.009192307692 0.008307692308 -0.0003622616783)
(-0.009115384615 0.01038461538 -0.0004528270978)
(-0.007292307692 0.01038461538 -0.0004528270978)
(-0.005469230769 0.01038461538 -0.0004528270978)
(-0.003646153846 0.01038461538 -0.0004528270978)
(-0.001823076923 0.01038461538 -0.0004528270978)
(0 0.01038461538 -0.0004528270978)
(0.001823076923 0.01038461538 -0.0004528270978)
(0.003646153846 0.01038461538 -0.0004528270978)
(0.005469230769 0.01038461538 -0.0004528270978)
(0.007292307692 0.01038461538 -0.0004528270978)
(0.009115384615 0.01038461538 -0.0004528270978)
(-0.009038461538 0.01246153846 -0.0005433925174)
(-0.007230769231 0.01246153846 -0.0005433925174)
(-0.005423076923 0.01246153846 -0.0005433925174)
(-0.003615384615 0.01246153846 -0.0005433925174)
(-0.001807692308 0.01246153846 -0.0005433925174)
(0 0.01246153846 -0.0005433925174)
(0.001807692308 0.01246153846 -0.0005433925174)
(0.003615384615 0.01246153846 -0.0005433925174)
(0.005423076923 0.01246153846 -0.0005433925174)
(0.007230769231 0.01246153846 -0.0005433925174)
(0.009038461538 0.01246153846 -0.0005433925174)
(-0.008961538462 0.01453846154 -0.000633957937)
(-0.007169230769 0.01453846154 -0.000633957937)
(-0.005376923077 0.01453846154 -0.000633957937)
(-0.003584615385 0.01453846154 -0.000633957937)
(-0.001792307692 0.01453846154 -0.000633957937)
(0 0.01453846154 -0.000633957937)
(0.001792307692 0.01453846154 -0.000633957937)
(0.003584615385 0.01453846154 -0.000633957937)
(0.005376923077 0.01453846154 -0.000633957937)
(0.007169230769 0.01453846154 -0.000633957937)
(0.008961538462 0.01453846154 -0.000633957937)
(-0.008884615385 0.01661538462 -0.0007245233565)
(-0.007107692308 0.01661538462 -0.0007245233565)
(-0.005330769231 0.01661538462 -0.0007245233565)
(-0.003553846154 0.01661538462 -0.0007245233565)
(-0.001776923077 0.01661538462 -0.0007245233565)
(0 0.01661538462 -0.0007245233565)
(0.001776923077 0.01661538462 -0.0007245233565)
(0.003553846154 0.01661538462 -0.0007245233565)
(0.005330769231 0.01661538462 -0.0007245233565)
(0.007107692308 0.01661538462 -0.0007245233565)
(0.008884615385 0.01661538462 -0.0007245233565)
(-0.008807692308 0.01869230769 -0.0008150887761)
(-0.007046153846 0.01869230769 -0.0008150887761)
(-0.005284615385 0.01869230769 -0.0008150887761)
(-0.003523076923 0.01869230769 -0.0008150887761)
(-0.001761538462 0.01869230769 -0.0008150887761)
(0 0.01869230769 -0.0008150887761)
(0.001761538462 0.01869230769 -0.0008150887761)
(0.003523076923 0.01869230769 -0.0008150887761)
(0.005284615385 0.01869230769 -0.0008150887761)
(0.007046153846 0.01869230769 -0.0008150887761)
(0.008807692308 0.01869230769 -0.0008150887761)
(-0.008730769231 0.02076923077 -0.0009056541957)
(-0.006984615385 0.02076923077 -0.0009056541957)
(-0.005238461538 0.02076923077 -0.0009056541957)
(-0.003492307692 0.02076923077 -0.0009056541957)
(-0.001746153846 0.02076923077 -0.0009056541957)
(0 0.02076923077 -0.0009056541957)
(0.001746153846 0.02076923077 -0.0009056541957)
(0.003492307692 0.02076923077 -0.0009056541957)
(0.005238461538 0.02076923077 -0.0009056541957)
(0.006984615385 0.02076923077 -0.0009056541957)
(0.008730769231 0.02076923077 -0.0009056541957)
(-0.008653846154 0.02284615385 -0.0009962196152)
(-0.006923076923 0.02284615385 -0.0009962196152)
(-0.005192307692 0.02284615385 -0.0009962196152)
(-0.003461538462 0.02284615385 -0.0009962196152)
(-0.001730769231 0.02284615385 -0.0009962196152)
(0 0.02284615385 -0.0009962196152)
(0.001730769231 0.02284615385 -0.0009962196152)
(0.003461538462 0.02284615385 -0.0009962196152)
(0.005192307692 0.02284615385 -0.0009962196152)
(0.006923076923 0.02284615385 -0.0009962196152)
(0.008653846154 0.02284615385 -0.0009962196152)
(-0.008576923077 0.02492307692 -0.001086785035)
(-0.006861538462 0.02492307692 -0.001086785035)
(-0.005146153846 0.02492307692 -0.001086785035)
(-0.003430769231 0.02492307692 -0.001086785035)
(-0.001715384615 0.02492307692 -0.001086785035)
(0 0.02492307692 -0.001086785035)
(0.001715384615 0.02492307692 -0.001086785035)
(0.003430769231 0.02492307692 -0.001086785035)
(0.005146153846 0.02492307692 -0.001086785035)
(0.006861538462 0.02492307692 -0.001086785035)
(0.008576923077 0.02492307692 -0.001086785035)
(-0.0085 0.027 -0.001177350454)
(-0.0068 0.027 -0.001177350454)
(-0.0051 0.027 -0.001177350454)
(-0.0034 0.027 -0.001177350454)
(-0.0017 0.027 -0.001177350454)
(0 0.027 -0.001177350454)
(0.0017 0.027 -0.001177350454)
(0.0034 0.027 -0.001177350454)
(0.0051 0.027 -0.001177350454)
(0.0068 0.027 -0.001177350454)
(0.0085 0.027 -0.001177350454)
(-0.009423076923 0.002076923077 9.056541957e-05)
(-0.007538461538 0.002076923077 9.056541957e-05)
(-0.005653846154 0.002076923077 9.056541957e-05)
(-0.003769230769 0.002076923077 9.056541957e-05)
(-0.001884615385 0.002076923077 9.056541957e-05)
(0 0.002076923077 9.056541957e-05)
(0.001884615385 0.002076923077 9.056541957e-05)
(0.003769230769 0.002076923077 9.056541957e-05)
(0.005653846154 0.002076923077 9.056541957e-05)
(0.007538461538 0.002076923077 9.056541957e-05)
(0.009423076923 0.002076923077 9.056541957e-05)
(-0.009346153846 0.004153846154 0.0001811308391)
(-0.007476923077 0.004153846154 0.0001811308391)
(-0.005607692308 0.004153846154 0.0001811308391)
(-0.003738461538 0.004153846154 0.0001811308391)
(-0.001869230769 0.004153846154 0.0001811308391)
(0 0.004153846154 0.0001811308391)
(0.001869230769 0.004153846154 0.0001811308391)
(0.003738461538 0.004153846154 0.0001811308391)
(0.005607692308 0.004153846154 0.0001811308391)
(0.007476923077 0.004153846154 0.0001811308391)
(0.009346153846 0.004153846154 0.0001811308391)
(-0.009269230769 0.006230769231 0.0002716962587)
(-0.007415384615 0.006230769231 0.0002716962587)
(-0.005561538462 0.006230769231 0.0002716962587)
(-0.003707692308 0.006230769231 0.0002716962587)
(-0.001853846154 0.006230769231 0.0002716962587)
(0 0.006230769231 0.0002716962587)
(0.001853846154 0.006230769231 0.0002716962587)
(0.003707692308 0.006230769231 0.0002716962587)
(0.005561538462 0.006230769231 0.0002716962587)
(0.007415384615 0.006230769231 0.0002716962587)
(0.009269230769 0.006230769231 0.0002716962587)
(-0.009192307692 0.008307692308 0.0003622616783)
(-0.007353846154 0.008307692308 0.0003622616783)
(-0.005515384615 0.008307692308 0.0003622616783)
(-0.003676923077 0.008307692308 0.0003622616783)
(-0.001838461538 0.008307692308 0.0003622616783)
(0 0.008307692308 0.0003622616783)
(0.001838461538 0.008307692308 0.0003622616783)
(0.003676923077 0.008307692308 0.0003622616783)
(0.005515384615 0.008307692308 0.0003622616783)
(0.007353846154 0.008307692308 0.0003622616783)
(0.009192307692 0.008307692308 0.0003622616783)
(-0.009115384615 0.01038461538 0.0004528270978)
(-0.007292307692 0.01038461538 0.0004528270978)
(-0.005469230769 0.01038461538 0.0004528270978)
(-0.003646153846 0.01038461538 0.0004528270978)
(-0.001823076923 0.01038461538 0.0004528270978)
(0 0.01038461538 0.0004528270978)
(0.001823076923 0.01038461538 0.0004528270978)
(0.003646153846 0.01038461538 0.0004528270978)
(0.005469230769 0.01038461538 0.0004528270978)
(0.007292307692 0.01038461538 0.0004528270978)
(0.009115384615 0.01038461538 0.0004528270978)
(-0.009038461538 0.01246153846 0.0005433925174)
(-0.007230769231 0.01246153846 0.0005433925174)
(-0.005423076923 0.01246153846 0.0005433925174)
(-0.003615384615 0.01246153846 0.0005433925174)
(-0.001807692308 0.01246153846 0.0005433925174)
(0 0.01246153846 0.0005433925174)
(0.001807692308 0.01246153846 0.0005433925174)
(0.003615384615 0.01246153846 0.0005433925174)
(0.005423076923 0.01246153846 0.0005433925174)
(0.007230769231 0.01246153846 0.0005433925174)
(0.009038461538 0.01246153846 0.0005433925174)
(-0.008961538462 0.01453846154 0.000633957937)
(-0.007169230769 0.01453846154 0.000633957937)
(-0.005376923077 0.01453846154 0.000633957937)
(-0.003584615385 0.01453846154 0.000633957937)
(-0.001792307692 0.01453846154 0.000633957937)
(0 0.01453846154 0.000633957937)
(0.001792307692 0.01453846154 0.000633957937)
(0.003584615385 0.01453846154 0.000633957937)
(0.005376923077 0.01453846154 0.000633957937)
(0.007169230769 0.01453846154 0.000633957937)
(0.008961538462 0.01453846154 0.000633957937)
(-0.008884615385 0.01661538462 0.0007245233565)
(-0.007107692308 0.01661538462 0.0007245233565)
(-0.005330769231 0.01661538462 0.0007245233565)
(-0.003553846154 0.01661538462 0.0007245233565)
(-0.001776923077 0.01661538462 0.0007245233565)
(0 0.01661538462 0.0007245233565)
(0.001776923077 0.01661538462 0.0007245233565)
(0.003553846154 0.01661538462 0.0007245233565)
(0.005330769231 0.01661538462 0.0007245233565)
(0.007107692308 0.01661538462 0.0007245233565)
(0.008884615385 0.01661538462 0.0007245233565)
(-0.008807692308 0.01869230769 0.0008150887761)
(-0.007046153846 0.01869230769 0.0008150887761)
(-0.005284615385 0.01869230769 0.0008150887761)
(-0.003523076923 0.01869230769 0.0008150887761)
(-0.001761538462 0.01869230769 0.0008150887761)
(0 0.01869230769 0.0008150887761)
(0.001761538462 0.01869230769 0.0008150887761)
(0.003523076923 0.01869230769 0.0008150887761)
(0.005284615385 0.01869230769 0.0008150887761)
(0.007046153846 0.01869230769 0.0008150887761)
(0.008807692308 0.01869230769 0.0008150887761)
(-0.008730769231 0.02076923077 0.0009056541957)
(-0.006984615385 0.02076923077 0.0009056541957)
(-0.005238461538 0.02076923077 0.0009056541957)
(-0.003492307692 0.02076923077 0.0009056541957)
(-0.001746153846 0.02076923077 0.0009056541957)
(0 0.02076923077 0.0009056541957)
(0.001746153846 0.02076923077 0.0009056541957)
(0.003492307692 0.02076923077 0.0009056541957)
(0.005238461538 0.02076923077 0.0009056541957)
(0.006984615385 0.02076923077 0.0009056541957)
(0.008730769231 0.02076923077 0.0009056541957)
(-0.008653846154 0.02284615385 0.0009962196152)
(-0.006923076923 0.02284615385 0.0009962196152)
(-0.005192307692 0.02284615385 0.0009962196152)
(-0.003461538462 0.02284615385 0.0009962196152)
(-0.001730769231 0.02284615385 0.0009962196152)
(0 0.02284615385 0.0009962196152)
(0.001730769231 0.02284615385 0.0009962196152)
(0.003461538462 0.02284615385 0.0009962196152)
(0.005192307692 0.02284615385 0.0009962196152)
(0.006923076923 0.02284615385 0.0009962196152)
(0.008653846154 0.02284615385 0.0009962196152)
(-0.008576923077 0.02492307692 0.001086785035)
(-0.006861538462 0.02492307692 0.001086785035)
(-0.005146153846 0.02492307692 0.001086785035)
(-0.003430769231 0.02492307692 0.001086785035)
(-0.001715384615 0.02492307692 0.001086785035)
(0 0.02492307692 0.001086785035)
(0.001715384615 0.02492307692 0.001086785035)
(0.003430769231 0.02492307692 0.001086785035)
(0.005146153846 0.02492307692 0.001086785035)
(0.006861538462 0.02492307692 0.001086785035)
(0.008576923077 0.02492307692 0.001086785035)
(-0.0085 0.027 0.001177350454)
(-0.0068 0.027 0.001177350454)
(-0.0051 0.027 0.001177350454)
(-0.0034 0.027 0.001177350454)
(-0.0017 0.027 0.001177350454)
(0 0.027 0.001177350454)
(0.0017 0.027 0.001177350454)
(0.0034 0.027 0.001177350454)
(0.0051 0.027 0.001177350454)
(0.0068 0.027 0.001177350454)
(0.0085 0.027 0.001177350454)
(-0.008166666667 0.02783333333 -0.001213688431)
(-0.006533333333 0.02783333333 -0.001213688431)
(-0.0049 0.02783333333 -0.001213688431)
(-0.003266666667 0.02783333333 -0.001213688431)
(-0.001633333333 0.02783333333 -0.001213688431)
(0 0.02783333333 -0.001213688431)
(0.001633333333 0.02783333333 -0.001213688431)
(0.003266666667 0.02783333333 -0.001213688431)
(0.0049 0.02783333333 -0.001213688431)
(0.006533333333 0.02783333333 -0.001213688431)
(0.008166666667 0.02783333333 -0.001213688431)
(-0.007833333333 0.02866666667 -0.001250026408)
(-0.006266666667 0.02866666667 -0.001250026408)
(-0.0047 0.02866666667 -0.001250026408)
(-0.003133333333 0.02866666667 -0.001250026408)
(-0.001566666667 0.02866666667 -0.001250026408)
(0 0.02866666667 -0.001250026408)
(0.001566666667 0.02866666667 -0.001250026408)
(0.003133333333 0.02866666667 -0.001250026408)
(0.0047 0.02866666667 -0.001250026408)
(0.006266666667 0.02866666667 -0.001250026408)
(0.007833333333 0.02866666667 -0.001250026408)
(-0.0075 0.0295 -0.001286364385)
(-0.006 0.0295 -0.001286364385)
(-0.0045 0.0295 -0.001286364385)
(-0.003 0.0295 -0.001286364385)
(-0.0015 0.0295 -0.001286364385)
(0 0.0295 -0.001286364385)
(0.0015 0.0295 -0.001286364385)
(0.003 0.0295 -0.001286364385)
(0.0045 0.0295 -0.001286364385)
(0.006 0.0295 -0.001286364385)
(0.0075 0.0295 -0.001286364385)
(-0.007166666667 0.03033333333 -0.001322702362)
(-0.005733333333 0.03033333333 -0.001322702362)
(-0.0043 0.03033333333 -0.001322702362)
(-0.002866666667 0.03033333333 -0.001322702362)
(-0.001433333333 0.03033333333 -0.001322702362)
(0 0.03033333333 -0.001322702362)
(0.001433333333 0.03033333333 -0.001322702362)
(0.002866666667 0.03033333333 -0.001322702362)
(0.0043 0.03033333333 -0.001322702362)
(0.005733333333 0.03033333333 -0.001322702362)
(0.007166666667 0.03033333333 -0.001322702362)
(-0.006833333333 0.03116666667 -0.001359040339)
(-0.005466666667 0.03116666667 -0.001359040339)
(-0.0041 0.03116666667 -0.001359040339)
(-0.002733333333 0.03116666667 -0.001359040339)
(-0.001366666667 0.03116666667 -0.001359040339)
(0 0.03116666667 -0.001359040339)
(0.001366666667 0.03116666667 -0.001359040339)
(0.002733333333 0.03116666667 -0.001359040339)
(0.0041 0.03116666667 -0.001359040339)
(0.005466666667 0.03116666667 -0.001359040339)
(0.006833333333 0.03116666667 -0.001359040339)
(-0.0065 0.032 -0.001395378316)
(-0.0052 0.032 -0.001395378316)
(-0.0039 0.032 -0.001395378316)
(-0.0026 0.032 -0.001395378316)
(-0.0013 0.032 -0.001395378316)
(0 0.032 -0.001395378316)
(0.0013 0.032 -0.001395378316)
(0.0026 0.032 -0.001395378316)
(0.0039 0.032 -0.001395378316)
(0.0052 0.032 -0.001395378316)
(0.0065 0.032 -0.001395378316)
(-0.008166666667 0.02783333333 0.001213688431)
(-0.006533333333 0.02783333333 0.001213688431)
(-0.0049 0.02783333333 0.001213688431)
(-0.003266666667 0.02783333333 0.001213688431)
(-0.001633333333 0.02783333333 0.001213688431)
(0 0.02783333333 0.001213688431)
(0.001633333333 0.02783333333 0.001213688431)
(0.003266666667 0.02783333333 0.001213688431)
(0.0049 0.02783333333 0.001213688431)
(0.006533333333 0.02783333333 0.001213688431)
(0.008166666667 0.02783333333 0.001213688431)
(-0.007833333333 0.02866666667 0.001250026408)
(-0.006266666667 0.02866666667 0.001250026408)
(-0.0047 0.02866666667 0.001250026408)
(-0.003133333333 0.02866666667 0.001250026408)
(-0.001566666667 0.02866666667 0.001250026408)
(0 0.02866666667 0.001250026408)
(0.001566666667 0.02866666667 0.001250026408)
(0.003133333333 0.02866666667 0.001250026408)
(0.0047 0.02866666667 0.001250026408)
(0.006266666667 0.02866666667 0.001250026408)
(0.007833333333 0.02866666667 0.001250026408)
(-0.0075 0.0295 0.001286364385)
(-0.006 0.0295 0.001286364385)
(-0.0045 0.0295 0.001286364385)
(-0.003 0.0295 0.001286364385)
(-0.0015 0.0295 0.001286364385)
(0 0.0295 0.001286364385)
(0.0015 0.0295 0.001286364385)
(0.003 0.0295 0.001286364385)
(0.0045 0.0295 0.001286364385)
(0.006 0.0295 0.001286364385)
(0.0075 0.0295 0.001286364385)
(-0.007166666667 0.03033333333 0.001322702362)
(-0.005733333333 0.03033333333 0.001322702362)
(-0.0043 0.03033333333 0.001322702362)
(-0.002866666667 0.03033333333 0.001322702362)
(-0.001433333333 0.03033333333 0.001322702362)
(0 0.03033333333 0.001322702362)
(0.001433333333 0.03033333333 0.001322702362)
(0.002866666667 0.03033333333 0.001322702362)
(0.0043 0.03033333333 0.001322702362)
(0.005733333333 0.03033333333 0.001322702362)
(0.007166666667 0.03033333333 0.001322702362)
(-0.006833333333 0.03116666667 0.001359040339)
(-0.005466666667 0.03116666667 0.001359040339)
(-0.0041 0.03116666667 0.001359040339)
(-0.002733333333 0.03116666667 0.001359040339)
(-0.001366666667 0.03116666667 0.001359040339)
(0 0.03116666667 0.001359040339)
(0.001366666667 0.03116666667 0.001359040339)
(0.002733333333 0.03116666667 0.001359040339)
(0.0041 0.03116666667 0.001359040339)
(0.005466666667 0.03116666667 0.001359040339)
(0.006833333333 0.03116666667 0.001359040339)
(-0.0065 0.032 0.001395378316)
(-0.0052 0.032 0.001395378316)
(-0.0039 0.032 0.001395378316)
(-0.0026 0.032 0.001395378316)
(-0.0013 0.032 0.001395378316)
(0 0.032 0.001395378316)
(0.0013 0.032 0.001395378316)
(0.0026 0.032 0.001395378316)
(0.0039 0.032 0.001395378316)
(0.0052 0.032 0.001395378316)
(0.0065 0.032 0.001395378316)
(-0.007 0.03266666667 -0.001424448698)
(-0.0056 0.03266666667 -0.001424448698)
(-0.0042 0.03266666667 -0.001424448698)
(-0.0028 0.03266666667 -0.001424448698)
(-0.0014 0.03266666667 -0.001424448698)
(0 0.03266666667 -0.001424448698)
(0.0014 0.03266666667 -0.001424448698)
(0.0028 0.03266666667 -0.001424448698)
(0.0042 0.03266666667 -0.001424448698)
(0.0056 0.03266666667 -0.001424448698)
(0.007 0.03266666667 -0.001424448698)
(-0.0075 0.03333333333 -0.001453519079)
(-0.006 0.03333333333 -0.001453519079)
(-0.0045 0.03333333333 -0.001453519079)
(-0.003 0.03333333333 -0.001453519079)
(-0.0015 0.03333333333 -0.001453519079)
(0 0.03333333333 -0.001453519079)
(0.0015 0.03333333333 -0.001453519079)
(0.003 0.03333333333 -0.001453519079)
(0.0045 0.03333333333 -0.001453519079)
(0.006 0.03333333333 -0.001453519079)
(0.0075 0.03333333333 -0.001453519079)
(-0.008 0.034 -0.001482589461)
(-0.0064 0.034 -0.001482589461)
(-0.0048 0.034 -0.001482589461)
(-0.0032 0.034 -0.001482589461)
(-0.0016 0.034 -0.001482589461)
(0 0.034 -0.001482589461)
(0.0016 0.034 -0.001482589461)
(0.0032 0.034 -0.001482589461)
(0.0048 0.034 -0.001482589461)
(0.0064 0.034 -0.001482589461)
(0.008 0.034 -0.001482589461)
(-0.0085 0.03466666667 -0.001511659843)
(-0.0068 0.03466666667 -0.001511659843)
(-0.0051 0.03466666667 -0.001511659843)
(-0.0034 0.03466666667 -0.001511659843)
(-0.0017 0.03466666667 -0.001511659843)
(0 0.03466666667 -0.001511659843)
(0.0017 0.03466666667 -0.001511659843)
(0.0034 0.03466666667 -0.001511659843)
(0.0051 0.03466666667 -0.001511659843)
(0.0068 0.03466666667 -0.001511659843)
(0.0085 0.03466666667 -0.001511659843)
(-0.009 0.03533333333 -0.001540730224)
(-0.0072 0.03533333333 -0.001540730224)
(-0.0054 0.03533333333 -0.001540730224)
(-0.0036 0.03533333333 -0.001540730224)
(-0.0018 0.03533333333 -0.001540730224)
(0 0.03533333333 -0.001540730224)
(0.0018 0.03533333333 -0.001540730224)
(0.0036 0.03533333333 -0.001540730224)
(0.0054 0.03533333333 -0.001540730224)
(0.0072 0.03533333333 -0.001540730224)
(0.009 0.03533333333 -0.001540730224)
(-0.0095 0.036 -0.001569800606)
(-0.0076 0.036 -0.001569800606)
(-0.0057 0.036 -0.001569800606)
(-0.0038 0.036 -0.001569800606)
(-0.0019 0.036 -0.001569800606)
(0 0.036 -0.001569800606)
(0.0019 0.036 -0.001569800606)
(0.0038 0.036 -0.001569800606)
(0.0057 0.036 -0.001569800606)
(0.0076 0.036 -0.001569800606)
(0.0095 0.036 -0.001569800606)
(-0.007 0.03266666667 0.001424448698)
(-0.0056 0.03266666667 0.001424448698)
(-0.0042 0.03266666667 0.001424448698)
(-0.0028 0.03266666667 0.001424448698)
(-0.0014 0.03266666667 0.001424448698)
(0 0.03266666667 0.001424448698)
(0.0014 0.03266666667 0.001424448698)
(0.0028 0.03266666667 0.001424448698)
(0.0042 0.03266666667 0.001424448698)
(0.0056 0.03266666667 0.001424448698)
(0.007 0.03266666667 0.001424448698)
(-0.0075 0.03333333333 0.001453519079)
(-0.006 0.03333333333 0.001453519079)
(-0.0045 0.03333333333 0.001453519079)
(-0.003 0.03333333333 0.001453519079)
(-0.0015 0.03333333333 0.001453519079)
(0 0.03333333333 0.001453519079)
(0.0015 0.03333333333 0.001453519079)
(0.003 0.03333333333 0.001453519079)
(0.0045 0.03333333333 0.001453519079)
(0.006 0.03333333333 0.001453519079)
(0.0075 0.03333333333 0.001453519079)
(-0.008 0.034 0.001482589461)
(-0.0064 0.034 0.001482589461)
(-0.0048 0.034 0.001482589461)
(-0.0032 0.034 0.001482589461)
(-0.0016 0.034 0.001482589461)
(0 0.034 0.001482589461)
(0.0016 0.034 0.001482589461)
(0.0032 0.034 0.001482589461)
(0.0048 0.034 0.001482589461)
(0.0064 0.034 0.001482589461)
(0.008 0.034 0.001482589461)
(-0.0085 0.03466666667 0.001511659843)
(-0.0068 0.03466666667 0.001511659843)
(-0.0051 0.03466666667 0.001511659843)
(-0.0034 0.03466666667 0.001511659843)
(-0.0017 0.03466666667 0.001511659843)
(0 0.03466666667 0.001511659843)
(0.0017 0.03466666667 0.001511659843)
(0.0034 0.03466666667 0.001511659843)
(0.0051 0.03466666667 0.001511659843)
(0.0068 0.03466666667 0.001511659843)
(0.0085 0.03466666667 0.001511659843)
(-0.009 0.03533333333 0.001540730224)
(-0.0072 0.03533333333 0.001540730224)
(-0.0054 0.03533333333 0.001540730224)
(-0.0036 0.03533333333 0.001540730224)
(-0.0018 0.03533333333 0.001540730224)
(0 0.03533333333 0.001540730224)
(0.0018 0.03533333333 0.001540730224)
(0.0036 0.03533333333 0.001540730224)
(0.0054 0.03533333333 0.001540730224)
(0.0072 0.03533333333 0.001540730224)
(0.009 0.03533333333 0.001540730224)
(-0.0095 0.036 0.001569800606)
(-0.0076 0.036 0.001569800606)
(-0.0057 0.036 0.001569800606)
(-0.0038 0.036 0.001569800606)
(-0.0019 0.036 0.001569800606)
(0 0.036 0.001569800606)
(0.0019 0.036 0.001569800606)
(0.0038 0.036 0.001569800606)
(0.0057 0.036 0.001569800606)
(0.0076 0.036 0.001569800606)
(0.0095 0.036 0.001569800606)
(0.0105 0 0)
(0.0115 0 0)
(0.0125 0 0)
(0.0135 0 0)
(0.01044230769 0.002038461538 -8.888828217e-05)
(0.01146153846 0.002 -8.721114477e-05)
(0.01248076923 0.001961538462 -8.553400737e-05)
(0.0135 0.001923076923 -8.385686997e-05)
(0.01038461538 0.004076923077 -0.0001777765643)
(0.01142307692 0.004 -0.0001744222895)
(0.01246153846 0.003923076923 -0.0001710680147)
(0.0135 0.003846153846 -0.0001677137399)
(0.01032692308 0.006115384615 -0.0002666648465)
(0.01138461538 0.006 -0.0002616334343)
(0.01244230769 0.005884615385 -0.0002566020221)
(0.0135 0.005769230769 -0.0002515706099)
(0.01026923077 0.008153846154 -0.0003555531287)
(0.01134615385 0.008 -0.0003488445791)
(0.01242307692 0.007846153846 -0.0003421360295)
(0.0135 0.007692307692 -0.0003354274799)
(0.01021153846 0.01019230769 -0.0004444414108)
(0.01130769231 0.01 -0.0004360557238)
(0.01240384615 0.009807692308 -0.0004276700368)
(0.0135 0.009615384615 -0.0004192843498)
(0.01015384615 0.01223076923 -0.000533329693)
(0.01126923077 0.012 -0.0005232668686)
(0.01238461538 0.01176923077 -0.0005132040442)
(0.0135 0.01153846154 -0.0005031412198)
(0.01009615385 0.01426923077 -0.0006222179752)
(0.01123076923 0.014 -0.0006104780134)
(0.01236538462 0.01373076923 -0.0005987380516)
(0.0135 0.01346153846 -0.0005869980898)
(0.01003846154 0.01630769231 -0.0007111062573)
(0.01119230769 0.016 -0.0006976891581)
(0.01234615385 0.01569230769 -0.0006842720589)
(0.0135 0.01538461538 -0.0006708549597)
(0.009980769231 0.01834615385 -0.0007999945395)
(0.01115384615 0.018 -0.0007849003029)
(0.01232692308 0.01765384615 -0.0007698060663)
(0.0135 0.01730769231 -0.0007547118297)
(0.009923076923 0.02038461538 -0.0008888828217)
(0.01111538462 0.02 -0.0008721114477)
(0.01230769231 0.01961538462 -0.0008553400737)
(0.0135 0.01923076923 -0.0008385686997)
(0.009865384615 0.02242307692 -0.0009777711038)
(0.01107692308 0.022 -0.0009593225924)
(0.01228846154 0.02157692308 -0.000940874081)
(0.0135 0.02115384615 -0.0009224255696)
(0.009807692308 0.02446153846 -0.001066659386)
(0.01103846154 0.024 -0.001046533737)
(0.01226923077 0.02353846154 -0.001026408088)
(0.0135 0.02307692308 -0.00100628244)
(0.00975 0.0265 -0.001155547668)
(0.011 0.026 -0.001133744882)
(0.01225 0.0255 -0.001111942096)
(0.0135 0.025 -0.00109013931)
(0.01044230769 0.002038461538 8.888828217e-05)
(0.01146153846 0.002 8.721114477e-05)
(0.01248076923 0.001961538462 8.553400737e-05)
(0.0135 0.001923076923 8.385686997e-05)
(0.01038461538 0.004076923077 0.0001777765643)
(0.01142307692 0.004 0.0001744222895)
(0.01246153846 0.003923076923 0.0001710680147)
(0.0135 0.003846153846 0.0001677137399)
(0.01032692308 0.006115384615 0.0002666648465)
(0.01138461538 0.006 0.0002616334343)
(0.01244230769 0.005884615385 0.0002566020221)
(0.0135 0.005769230769 0.0002515706099)
(0.01026923077 0.008153846154 0.0003555531287)
(0.01134615385 0.008 0.0003488445791)
(0.01242307692 0.007846153846 0.0003421360295)
(0.0135 0.007692307692 0.0003354274799)
(0.01021153846 0.01019230769 0.0004444414108)
(0.01130769231 0.01 0.0004360557238)
(0.01240384615 0.009807692308 0.0004276700368)
(0.0135 0.009615384615 0.0004192843498)
(0.01015384615 0.01223076923 0.000533329693)
(0.01126923077 0.012 0.0005232668686)
(0.01238461538 0.01176923077 0.0005132040442)
(0.0135 0.01153846154 0.0005031412198)
(0.01009615385 0.01426923077 0.0006222179752)
(0.01123076923 0.014 0.0006104780134)
(0.01236538462 0.01373076923 0.0005987380516)
(0.0135 0.01346153846 0.0005869980898)
(0.01003846154 0.01630769231 0.0007111062573)
(0.01119230769 0.016 0.0006976891581)
(0.01234615385 0.01569230769 0.0006842720589)
(0.0135 0.01538461538 0.0006708549597)
(0.009980769231 0.01834615385 0.0007999945395)
(0.01115384615 0.018 0.0007849003029)
(0.01232692308 0.01765384615 0.0007698060663)
(0.0135 0.01730769231 0.0007547118297)
(0.009923076923 0.02038461538 0.0008888828217)
(0.01111538462 0.02 0.0008721114477)
(0.01230769231 0.01961538462 0.0008553400737)
(0.0135 0.01923076923 0.0008385686997)
(0.009865384615 0.02242307692 0.0009777711038)
(0.01107692308 0.022 0.0009593225924)
(0.01228846154 0.02157692308 0.000940874081)
(0.0135 0.02115384615 0.0009224255696)
(0.009807692308 0.02446153846 0.001066659386)
(0.01103846154 0.024 0.001046533737)
(0.01226923077 0.02353846154 0.001026408088)
(0.0135 0.02307692308 0.00100628244)
(0.00975 0.0265 0.001155547668)
(0.011 0.026 0.001133744882)
(0.01225 0.0255 0.001111942096)
(0.0135 0.025 0.00109013931)
(0.009609475708 0.02810947571 -0.001225729778)
(0.01071895142 0.02921895142 -0.001274109101)
(0.01182842712 0.03032842712 -0.001322488424)
(0.01293790283 0.03143790283 -0.001370867748)
(0.01404737854 0.03254737854 -0.001419247071)
(0.01515685425 0.03365685425 -0.001467626394)
(0.009200617728 0.02891890803 -0.001261025537)
(0.01023456879 0.03000448272 -0.001308362643)
(0.01126851985 0.03109005741 -0.001355699749)
(0.01230247091 0.0321756321 -0.001403036855)
(0.01333642198 0.0332612068 -0.001450373961)
(0.01437037304 0.03434678149 -0.001497711066)
(0.008777847105 0.02971024723 -0.001295532336)
(0.009722360877 0.03075382779 -0.001341038264)
(0.01066687465 0.03179740836 -0.001386544192)
(0.01161138842 0.03284098892 -0.00143205012)
(0.01255590219 0.03388456948 -0.001477556047)
(0.01350041596 0.03492815005 -0.001523061975)
(0.008343648946 0.03048183259 -0.001329177757)
(0.009187297893 0.03146366518 -0.00137199113)
(0.01003094684 0.03244549778 -0.001414804502)
(0.01087459579 0.03342733037 -0.001457617874)
(0.01171824473 0.03440916296 -0.001500431246)
(0.01256189368 0.03539099555 -0.001543244618)
(0.007900704222 0.03123234195 -0.001361904148)
(0.008634741778 0.03213135057 -0.001401105933)
(0.009368779333 0.03303035919 -0.001440307718)
(0.01010281689 0.03392936781 -0.001479509504)
(0.01083685444 0.03482837643 -0.001518711289)
(0.011570892 0.03572738504 -0.001557913075)
(0.007451843815 0.03196081438 -0.001393669605)
(0.008070354297 0.0327549621 -0.001428298871)
(0.008688864779 0.03354910982 -0.001462928137)
(0.009307375262 0.03434325754 -0.001497557402)
(0.009925885744 0.03513740526 -0.001532186668)
(0.01054439623 0.03593155297 -0.001566815934)
(0.009609475708 0.02810947571 0.001225729778)
(0.01071895142 0.02921895142 0.001274109101)
(0.01182842712 0.03032842712 0.001322488424)
(0.01293790283 0.03143790283 0.001370867748)
(0.01404737854 0.03254737854 0.001419247071)
(0.01515685425 0.03365685425 0.001467626394)
(0.009200617728 0.02891890803 0.001261025537)
(0.01023456879 0.03000448272 0.001308362643)
(0.01126851985 0.03109005741 0.001355699749)
(0.01230247091 0.0321756321 0.001403036855)
(0.01333642198 0.0332612068 0.001450373961)
(0.01437037304 0.03434678149 0.001497711066)
(0.008777847105 0.02971024723 0.001295532336)
(0.009722360877 0.03075382779 0.001341038264)
(0.01066687465 0.03179740836 0.001386544192)
(0.01161138842 0.03284098892 0.00143205012)
(0.01255590219 0.03388456948 0.001477556047)
(0.01350041596 0.03492815005 0.001523061975)
(0.008343648946 0.03048183259 0.001329177757)
(0.009187297893 0.03146366518 0.00137199113)
(0.01003094684 0.03244549778 0.001414804502)
(0.01087459579 0.03342733037 0.001457617874)
(0.01171824473 0.03440916296 0.001500431246)
(0.01256189368 0.03539099555 0.001543244618)
(0.007900704222 0.03123234195 0.001361904148)
(0.008634741778 0.03213135057 0.001401105933)
(0.009368779333 0.03303035919 0.001440307718)
(0.01010281689 0.03392936781 0.001479509504)
(0.01083685444 0.03482837643 0.001518711289)
(0.011570892 0.03572738504 0.001557913075)
(0.007451843815 0.03196081438 0.001393669605)
(0.008070354297 0.0327549621 0.001428298871)
(0.008688864779 0.03354910982 0.001462928137)
(0.009307375262 0.03434325754 0.001497557402)
(0.009925885744 0.03513740526 0.001532186668)
(0.01054439623 0.03593155297 0.001566815934)
(0.01416666667 0.0255 -0.001111942096)
(0.01483333333 0.026 -0.001133744882)
(0.0155 0.0265 -0.001155547668)
(0.01616666667 0.027 -0.001177350454)
(0.01683333333 0.0275 -0.001199153241)
(0.0175 0.028 -0.001220956027)
(0.01309939762 0.02617674631 -0.001141452006)
(0.01394879524 0.02685349263 -0.001170961916)
(0.01479819286 0.02753023894 -0.001200471827)
(0.01564759048 0.02820698525 -0.001229981737)
(0.0164969881 0.02888373156 -0.001259491647)
(0.01734638571 0.02956047788 -0.001289001558)
(0.01198186545 0.02684351498 -0.001170526835)
(0.01296373089 0.02768702995 -0.001207308789)
(0.01394559634 0.02853054493 -0.001244090742)
(0.01492746179 0.0293740599 -0.001280872695)
(0.01590932723 0.03021757488 -0.001317654649)
(0.01689119268 0.03106108985 -0.001354436602)
(0.01081698182 0.02749070725 -0.001198748025)
(0.01188396363 0.02848141449 -0.001241948381)
(0.01295094545 0.02947212174 -0.001285148738)
(0.01401792726 0.03046282898 -0.001328349094)
(0.01508490908 0.03145353623 -0.001371549451)
(0.01615189089 0.03244424347 -0.001414749807)
(0.01416666667 0.0255 0.001111942096)
(0.01483333333 0.026 0.001133744882)
(0.0155 0.0265 0.001155547668)
(0.01616666667 0.027 0.001177350454)
(0.01683333333 0.0275 0.001199153241)
(0.0175 0.028 0.001220956027)
(0.01309939762 0.02617674631 0.001141452006)
(0.01394879524 0.02685349263 0.001170961916)
(0.01479819286 0.02753023894 0.001200471827)
(0.01564759048 0.02820698525 0.001229981737)
(0.0164969881 0.02888373156 0.001259491647)
(0.01734638571 0.02956047788 0.001289001558)
(0.01198186545 0.02684351498 0.001170526835)
(0.01296373089 0.02768702995 0.001207308789)
(0.01394559634 0.02853054493 0.001244090742)
(0.01492746179 0.0293740599 0.001280872695)
(0.01590932723 0.03021757488 0.001317654649)
(0.01689119268 0.03106108985 0.001354436602)
(0.01081698182 0.02749070725 0.001198748025)
(0.01188396363 0.02848141449 0.001241948381)
(0.01295094545 0.02947212174 0.001285148738)
(0.01401792726 0.03046282898 0.001328349094)
(0.01508490908 0.03145353623 0.001371549451)
(0.01615189089 0.03244424347 0.001414749807)
(0.01416666667 0 0)
(0.01483333333 0 0)
(0.0155 0 0)
(0.01616666667 0 0)
(0.01683333333 0 0)
(0.0175 0 0)
(0.01416666667 0.001961538462 -8.553400737e-05)
(0.01483333333 0.002 -8.721114477e-05)
(0.0155 0.002038461538 -8.888828217e-05)
(0.01616666667 0.002076923077 -9.056541957e-05)
(0.01683333333 0.002115384615 -9.224255696e-05)
(0.0175 0.002153846154 -9.391969436e-05)
(0.01416666667 0.003923076923 -0.0001710680147)
(0.01483333333 0.004 -0.0001744222895)
(0.0155 0.004076923077 -0.0001777765643)
(0.01616666667 0.004153846154 -0.0001811308391)
(0.01683333333 0.004230769231 -0.0001844851139)
(0.0175 0.004307692308 -0.0001878393887)
(0.01416666667 0.005884615385 -0.0002566020221)
(0.01483333333 0.006 -0.0002616334343)
(0.0155 0.006115384615 -0.0002666648465)
(0.01616666667 0.006230769231 -0.0002716962587)
(0.01683333333 0.006346153846 -0.0002767276709)
(0.0175 0.006461538462 -0.0002817590831)
(0.01416666667 0.007846153846 -0.0003421360295)
(0.01483333333 0.008 -0.0003488445791)
(0.0155 0.008153846154 -0.0003555531287)
(0.01616666667 0.008307692308 -0.0003622616783)
(0.01683333333 0.008461538462 -0.0003689702279)
(0.0175 0.008615384615 -0.0003756787775)
(0.01416666667 0.009807692308 -0.0004276700368)
(0.01483333333 0.01 -0.0004360557238)
(0.0155 0.01019230769 -0.0004444414108)
(0.01616666667 0.01038461538 -0.0004528270978)
(0.01683333333 0.01057692308 -0.0004612127848)
(0.0175 0.01076923077 -0.0004695984718)
(0.01416666667 0.01176923077 -0.0005132040442)
(0.01483333333 0.012 -0.0005232668686)
(0.0155 0.01223076923 -0.000533329693)
(0.01616666667 0.01246153846 -0.0005433925174)
(0.01683333333 0.01269230769 -0.0005534553418)
(0.0175 0.01292307692 -0.0005635181662)
(0.01416666667 0.01373076923 -0.0005987380516)
(0.01483333333 0.014 -0.0006104780134)
(0.0155 0.01426923077 -0.0006222179752)
(0.01616666667 0.01453846154 -0.000633957937)
(0.01683333333 0.01480769231 -0.0006456978988)
(0.0175 0.01507692308 -0.0006574378605)
(0.01416666667 0.01569230769 -0.0006842720589)
(0.01483333333 0.016 -0.0006976891581)
(0.0155 0.01630769231 -0.0007111062573)
(0.01616666667 0.01661538462 -0.0007245233565)
(0.01683333333 0.01692307692 -0.0007379404557)
(0.0175 0.01723076923 -0.0007513575549)
(0.01416666667 0.01765384615 -0.0007698060663)
(0.01483333333 0.018 -0.0007849003029)
(0.0155 0.01834615385 -0.0007999945395)
(0.01616666667 0.01869230769 -0.0008150887761)
(0.01683333333 0.01903846154 -0.0008301830127)
(0.0175 0.01938461538 -0.0008452772493)
(0.01416666667 0.01961538462 -0.0008553400737)
(0.01483333333 0.02 -0.0008721114477)
(0.0155 0.02038461538 -0.0008888828217)
(0.01616666667 0.02076923077 -0.0009056541957)
(0.01683333333 0.02115384615 -0.0009224255696)
(0.0175 0.02153846154 -0.0009391969436)
(0.01416666667 0.02157692308 -0.000940874081)
(0.01483333333 0.022 -0.0009593225924)
(0.0155 0.02242307692 -0.0009777711038)
(0.01616666667 0.02284615385 -0.0009962196152)
(0.01683333333 0.02326923077 -0.001014668127)
(0.0175 0.02369230769 -0.001033116638)
(0.01416666667 0.02353846154 -0.001026408088)
(0.01483333333 0.024 -0.001046533737)
(0.0155 0.02446153846 -0.001066659386)
(0.01616666667 0.02492307692 -0.001086785035)
(0.01683333333 0.02538461538 -0.001106910684)
(0.0175 0.02584615385 -0.001127036332)
(0.01416666667 0.001961538462 8.553400737e-05)
(0.01483333333 0.002 8.721114477e-05)
(0.0155 0.002038461538 8.888828217e-05)
(0.01616666667 0.002076923077 9.056541957e-05)
(0.01683333333 0.002115384615 9.224255696e-05)
(0.0175 0.002153846154 9.391969436e-05)
(0.01416666667 0.003923076923 0.0001710680147)
(0.01483333333 0.004 0.0001744222895)
(0.0155 0.004076923077 0.0001777765643)
(0.01616666667 0.004153846154 0.0001811308391)
(0.01683333333 0.004230769231 0.0001844851139)
(0.0175 0.004307692308 0.0001878393887)
(0.01416666667 0.005884615385 0.0002566020221)
(0.01483333333 0.006 0.0002616334343)
(0.0155 0.006115384615 0.0002666648465)
(0.01616666667 0.006230769231 0.0002716962587)
(0.01683333333 0.006346153846 0.0002767276709)
(0.0175 0.006461538462 0.0002817590831)
(0.01416666667 0.007846153846 0.0003421360295)
(0.01483333333 0.008 0.0003488445791)
(0.0155 0.008153846154 0.0003555531287)
(0.01616666667 0.008307692308 0.0003622616783)
(0.01683333333 0.008461538462 0.0003689702279)
(0.0175 0.008615384615 0.0003756787775)
(0.01416666667 0.009807692308 0.0004276700368)
(0.01483333333 0.01 0.0004360557238)
(0.0155 0.01019230769 0.0004444414108)
(0.01616666667 0.01038461538 0.0004528270978)
(0.01683333333 0.01057692308 0.0004612127848)
(0.0175 0.01076923077 0.0004695984718)
(0.01416666667 0.01176923077 0.0005132040442)
(0.01483333333 0.012 0.0005232668686)
(0.0155 0.01223076923 0.000533329693)
(0.01616666667 0.01246153846 0.0005433925174)
(0.01683333333 0.01269230769 0.0005534553418)
(0.0175 0.01292307692 0.0005635181662)
(0.01416666667 0.01373076923 0.0005987380516)
(0.01483333333 0.014 0.0006104780134)
(0.0155 0.01426923077 0.0006222179752)
(0.01616666667 0.01453846154 0.000633957937)
(0.01683333333 0.01480769231 0.0006456978988)
(0.0175 0.01507692308 0.0006574378605)
(0.01416666667 0.01569230769 0.0006842720589)
(0.01483333333 0.016 0.0006976891581)
(0.0155 0.01630769231 0.0007111062573)
(0.01616666667 0.01661538462 0.0007245233565)
(0.01683333333 0.01692307692 0.0007379404557)
(0.0175 0.01723076923 0.0007513575549)
(0.01416666667 0.01765384615 0.0007698060663)
(0.01483333333 0.018 0.0007849003029)
(0.0155 0.01834615385 0.0007999945395)
(0.01616666667 0.01869230769 0.0008150887761)
(0.01683333333 0.01903846154 0.0008301830127)
(0.0175 0.01938461538 0.0008452772493)
(0.01416666667 0.01961538462 0.0008553400737)
(0.01483333333 0.02 0.0008721114477)
(0.0155 0.02038461538 0.0008888828217)
(0.01616666667 0.02076923077 0.0009056541957)
(0.01683333333 0.02115384615 0.0009224255696)
(0.0175 0.02153846154 0.0009391969436)
(0.01416666667 0.02157692308 0.000940874081)
(0.01483333333 0.022 0.0009593225924)
(0.0155 0.02242307692 0.0009777711038)
(0.01616666667 0.02284615385 0.0009962196152)
(0.01683333333 0.02326923077 0.001014668127)
(0.0175 0.02369230769 0.001033116638)
(0.01416666667 0.02353846154 0.001026408088)
(0.01483333333 0.024 0.001046533737)
(0.0155 0.02446153846 0.001066659386)
(0.01616666667 0.02492307692 0.001086785035)
(0.01683333333 0.02538461538 0.001106910684)
(0.0175 0.02584615385 0.001127036332)
(-0.0135 0 0)
(-0.0125 0 0)
(-0.0115 0 0)
(-0.0105 0 0)
(-0.0135 0.001923076923 -8.385686997e-05)
(-0.01248076923 0.001961538462 -8.553400737e-05)
(-0.01146153846 0.002 -8.721114477e-05)
(-0.01044230769 0.002038461538 -8.888828217e-05)
(-0.0135 0.003846153846 -0.0001677137399)
(-0.01246153846 0.003923076923 -0.0001710680147)
(-0.01142307692 0.004 -0.0001744222895)
(-0.01038461538 0.004076923077 -0.0001777765643)
(-0.0135 0.005769230769 -0.0002515706099)
(-0.01244230769 0.005884615385 -0.0002566020221)
(-0.01138461538 0.006 -0.0002616334343)
(-0.01032692308 0.006115384615 -0.0002666648465)
(-0.0135 0.007692307692 -0.0003354274799)
(-0.01242307692 0.007846153846 -0.0003421360295)
(-0.01134615385 0.008 -0.0003488445791)
(-0.01026923077 0.008153846154 -0.0003555531287)
(-0.0135 0.009615384615 -0.0004192843498)
(-0.01240384615 0.009807692308 -0.0004276700368)
(-0.01130769231 0.01 -0.0004360557238)
(-0.01021153846 0.01019230769 -0.0004444414108)
(-0.0135 0.01153846154 -0.0005031412198)
(-0.01238461538 0.01176923077 -0.0005132040442)
(-0.01126923077 0.012 -0.0005232668686)
(-0.01015384615 0.01223076923 -0.000533329693)
(-0.0135 0.01346153846 -0.0005869980898)
(-0.01236538462 0.01373076923 -0.0005987380516)
(-0.01123076923 0.014 -0.0006104780134)
(-0.01009615385 0.01426923077 -0.0006222179752)
(-0.0135 0.01538461538 -0.0006708549597)
(-0.01234615385 0.01569230769 -0.0006842720589)
(-0.01119230769 0.016 -0.0006976891581)
(-0.01003846154 0.01630769231 -0.0007111062573)
(-0.0135 0.01730769231 -0.0007547118297)
(-0.01232692308 0.01765384615 -0.0007698060663)
(-0.01115384615 0.018 -0.0007849003029)
(-0.009980769231 0.01834615385 -0.0007999945395)
(-0.0135 0.01923076923 -0.0008385686997)
(-0.01230769231 0.01961538462 -0.0008553400737)
(-0.01111538462 0.02 -0.0008721114477)
(-0.009923076923 0.02038461538 -0.0008888828217)
(-0.0135 0.02115384615 -0.0009224255696)
(-0.01228846154 0.02157692308 -0.000940874081)
(-0.01107692308 0.022 -0.0009593225924)
(-0.009865384615 0.02242307692 -0.0009777711038)
(-0.0135 0.02307692308 -0.00100628244)
(-0.01226923077 0.02353846154 -0.001026408088)
(-0.01103846154 0.024 -0.001046533737)
(-0.009807692308 0.02446153846 -0.001066659386)
(-0.0135 0.025 -0.00109013931)
(-0.01225 0.0255 -0.001111942096)
(-0.011 0.026 -0.001133744882)
(-0.00975 0.0265 -0.001155547668)
(-0.0135 0.001923076923 8.385686997e-05)
(-0.01248076923 0.001961538462 8.553400737e-05)
(-0.01146153846 0.002 8.721114477e-05)
(-0.01044230769 0.002038461538 8.888828217e-05)
(-0.0135 0.003846153846 0.0001677137399)
(-0.01246153846 0.003923076923 0.0001710680147)
(-0.01142307692 0.004 0.0001744222895)
(-0.01038461538 0.004076923077 0.0001777765643)
(-0.0135 0.005769230769 0.0002515706099)
(-0.01244230769 0.005884615385 0.0002566020221)
(-0.01138461538 0.006 0.0002616334343)
(-0.01032692308 0.006115384615 0.0002666648465)
(-0.0135 0.007692307692 0.0003354274799)
(-0.01242307692 0.007846153846 0.0003421360295)
(-0.01134615385 0.008 0.0003488445791)
(-0.01026923077 0.008153846154 0.0003555531287)
(-0.0135 0.009615384615 0.0004192843498)
(-0.01240384615 0.009807692308 0.0004276700368)
(-0.01130769231 0.01 0.0004360557238)
(-0.01021153846 0.01019230769 0.0004444414108)
(-0.0135 0.01153846154 0.0005031412198)
(-0.01238461538 0.01176923077 0.0005132040442)
(-0.01126923077 0.012 0.0005232668686)
(-0.01015384615 0.01223076923 0.000533329693)
(-0.0135 0.01346153846 0.0005869980898)
(-0.01236538462 0.01373076923 0.0005987380516)
(-0.01123076923 0.014 0.0006104780134)
(-0.01009615385 0.01426923077 0.0006222179752)
(-0.0135 0.01538461538 0.0006708549597)
(-0.01234615385 0.01569230769 0.0006842720589)
(-0.01119230769 0.016 0.0006976891581)
(-0.01003846154 0.01630769231 0.0007111062573)
(-0.0135 0.01730769231 0.0007547118297)
(-0.01232692308 0.01765384615 0.0007698060663)
(-0.01115384615 0.018 0.0007849003029)
(-0.009980769231 0.01834615385 0.0007999945395)
(-0.0135 0.01923076923 0.0008385686997)
(-0.01230769231 0.01961538462 0.0008553400737)
(-0.01111538462 0.02 0.0008721114477)
(-0.009923076923 0.02038461538 0.0008888828217)
(-0.0135 0.02115384615 0.0009224255696)
(-0.01228846154 0.02157692308 0.000940874081)
(-0.01107692308 0.022 0.0009593225924)
(-0.009865384615 0.02242307692 0.0009777711038)
(-0.0135 0.02307692308 0.00100628244)
(-0.01226923077 0.02353846154 0.001026408088)
(-0.01103846154 0.024 0.001046533737)
(-0.009807692308 0.02446153846 0.001066659386)
(-0.0135 0.025 0.00109013931)
(-0.01225 0.0255 0.001111942096)
(-0.011 0.026 0.001133744882)
(-0.00975 0.0265 0.001155547668)
(-0.01416666667 0.0255 -0.001111942096)
(-0.01309939762 0.02617674631 -0.001141452006)
(-0.01198186545 0.02684351498 -0.001170526835)
(-0.01081698182 0.02749070725 -0.001198748025)
(-0.009609475708 0.02810947571 -0.001225729778)
(-0.01483333333 0.026 -0.001133744882)
(-0.01394879524 0.02685349263 -0.001170961916)
(-0.01296373089 0.02768702995 -0.001207308789)
(-0.01188396363 0.02848141449 -0.001241948381)
(-0.01071895142 0.02921895142 -0.001274109101)
(-0.0155 0.0265 -0.001155547668)
(-0.01479819286 0.02753023894 -0.001200471827)
(-0.01394559634 0.02853054493 -0.001244090742)
(-0.01295094545 0.02947212174 -0.001285148738)
(-0.01182842712 0.03032842712 -0.001322488424)
(-0.01616666667 0.027 -0.001177350454)
(-0.01564759048 0.02820698525 -0.001229981737)
(-0.01492746179 0.0293740599 -0.001280872695)
(-0.01401792726 0.03046282898 -0.001328349094)
(-0.01293790283 0.03143790283 -0.001370867748)
(-0.01683333333 0.0275 -0.001199153241)
(-0.0164969881 0.02888373156 -0.001259491647)
(-0.01590932723 0.03021757488 -0.001317654649)
(-0.01508490908 0.03145353623 -0.001371549451)
(-0.01404737854 0.03254737854 -0.001419247071)
(-0.0175 0.028 -0.001220956027)
(-0.01734638571 0.02956047788 -0.001289001558)
(-0.01689119268 0.03106108985 -0.001354436602)
(-0.01615189089 0.03244424347 -0.001414749807)
(-0.01515685425 0.03365685425 -0.001467626394)
(-0.01416666667 0.0255 0.001111942096)
(-0.01309939762 0.02617674631 0.001141452006)
(-0.01198186545 0.02684351498 0.001170526835)
(-0.01081698182 0.02749070725 0.001198748025)
(-0.009609475708 0.02810947571 0.001225729778)
(-0.01483333333 0.026 0.001133744882)
(-0.01394879524 0.02685349263 0.001170961916)
(-0.01296373089 0.02768702995 0.001207308789)
(-0.01188396363 0.02848141449 0.001241948381)
(-0.01071895142 0.02921895142 0.001274109101)
(-0.0155 0.0265 0.001155547668)
(-0.01479819286 0.02753023894 0.001200471827)
(-0.01394559634 0.02853054493 0.001244090742)
(-0.01295094545 0.02947212174 0.001285148738)
(-0.01182842712 0.03032842712 0.001322488424)
(-0.01616666667 0.027 0.001177350454)
(-0.01564759048 0.02820698525 0.001229981737)
(-0.01492746179 0.0293740599 0.001280872695)
(-0.01401792726 0.03046282898 0.001328349094)
(-0.01293790283 0.03143790283 0.001370867748)
(-0.01683333333 0.0275 0.001199153241)
(-0.0164969881 0.02888373156 0.001259491647)
(-0.01590932723 0.03021757488 0.001317654649)
(-0.01508490908 0.03145353623 0.001371549451)
(-0.01404737854 0.03254737854 0.001419247071)
(-0.0175 0.028 0.001220956027)
(-0.01734638571 0.02956047788 0.001289001558)
(-0.01689119268 0.03106108985 0.001354436602)
(-0.01615189089 0.03244424347 0.001414749807)
(-0.01515685425 0.03365685425 0.001467626394)
(-0.009200617728 0.02891890803 -0.001261025537)
(-0.008777847105 0.02971024723 -0.001295532336)
(-0.008343648946 0.03048183259 -0.001329177757)
(-0.007900704222 0.03123234195 -0.001361904148)
(-0.007451843815 0.03196081438 -0.001393669605)
(-0.01023456879 0.03000448272 -0.001308362643)
(-0.009722360877 0.03075382779 -0.001341038264)
(-0.009187297893 0.03146366518 -0.00137199113)
(-0.008634741778 0.03213135057 -0.001401105933)
(-0.008070354297 0.0327549621 -0.001428298871)
(-0.01126851985 0.03109005741 -0.001355699749)
(-0.01066687465 0.03179740836 -0.001386544192)
(-0.01003094684 0.03244549778 -0.001414804502)
(-0.009368779333 0.03303035919 -0.001440307718)
(-0.008688864779 0.03354910982 -0.001462928137)
(-0.01230247091 0.0321756321 -0.001403036855)
(-0.01161138842 0.03284098892 -0.00143205012)
(-0.01087459579 0.03342733037 -0.001457617874)
(-0.01010281689 0.03392936781 -0.001479509504)
(-0.009307375262 0.03434325754 -0.001497557402)
(-0.01333642198 0.0332612068 -0.001450373961)
(-0.01255590219 0.03388456948 -0.001477556047)
(-0.01171824473 0.03440916296 -0.001500431246)
(-0.01083685444 0.03482837643 -0.001518711289)
(-0.009925885744 0.03513740526 -0.001532186668)
(-0.01437037304 0.03434678149 -0.001497711066)
(-0.01350041596 0.03492815005 -0.001523061975)
(-0.01256189368 0.03539099555 -0.001543244618)
(-0.011570892 0.03572738504 -0.001557913075)
(-0.01054439623 0.03593155297 -0.001566815934)
(-0.009200617728 0.02891890803 0.001261025537)
(-0.008777847105 0.02971024723 0.001295532336)
(-0.008343648946 0.03048183259 0.001329177757)
(-0.007900704222 0.03123234195 0.001361904148)
(-0.007451843815 0.03196081438 0.001393669605)
(-0.01023456879 0.03000448272 0.001308362643)
(-0.009722360877 0.03075382779 0.001341038264)
(-0.009187297893 0.03146366518 0.00137199113)
(-0.008634741778 0.03213135057 0.001401105933)
(-0.008070354297 0.0327549621 0.001428298871)
(-0.01126851985 0.03109005741 0.001355699749)
(-0.01066687465 0.03179740836 0.001386544192)
(-0.01003094684 0.03244549778 0.001414804502)
(-0.009368779333 0.03303035919 0.001440307718)
(-0.008688864779 0.03354910982 0.001462928137)
(-0.01230247091 0.0321756321 0.001403036855)
(-0.01161138842 0.03284098892 0.00143205012)
(-0.01087459579 0.03342733037 0.001457617874)
(-0.01010281689 0.03392936781 0.001479509504)
(-0.009307375262 0.03434325754 0.001497557402)
(-0.01333642198 0.0332612068 0.001450373961)
(-0.01255590219 0.03388456948 0.001477556047)
(-0.01171824473 0.03440916296 0.001500431246)
(-0.01083685444 0.03482837643 0.001518711289)
(-0.009925885744 0.03513740526 0.001532186668)
(-0.01437037304 0.03434678149 0.001497711066)
(-0.01350041596 0.03492815005 0.001523061975)
(-0.01256189368 0.03539099555 0.001543244618)
(-0.011570892 0.03572738504 0.001557913075)
(-0.01054439623 0.03593155297 0.001566815934)
(-0.0175 0 0)
(-0.01683333333 0 0)
(-0.01616666667 0 0)
(-0.0155 0 0)
(-0.01483333333 0 0)
(-0.01416666667 0 0)
(-0.0175 0.002153846154 -9.391969436e-05)
(-0.01683333333 0.002115384615 -9.224255696e-05)
(-0.01616666667 0.002076923077 -9.056541957e-05)
(-0.0155 0.002038461538 -8.888828217e-05)
(-0.01483333333 0.002 -8.721114477e-05)
(-0.01416666667 0.001961538462 -8.553400737e-05)
(-0.0175 0.004307692308 -0.0001878393887)
(-0.01683333333 0.004230769231 -0.0001844851139)
(-0.01616666667 0.004153846154 -0.0001811308391)
(-0.0155 0.004076923077 -0.0001777765643)
(-0.01483333333 0.004 -0.0001744222895)
(-0.01416666667 0.003923076923 -0.0001710680147)
(-0.0175 0.006461538462 -0.0002817590831)
(-0.01683333333 0.006346153846 -0.0002767276709)
(-0.01616666667 0.006230769231 -0.0002716962587)
(-0.0155 0.006115384615 -0.0002666648465)
(-0.01483333333 0.006 -0.0002616334343)
(-0.01416666667 0.005884615385 -0.0002566020221)
(-0.0175 0.008615384615 -0.0003756787775)
(-0.01683333333 0.008461538462 -0.0003689702279)
(-0.01616666667 0.008307692308 -0.0003622616783)
(-0.0155 0.008153846154 -0.0003555531287)
(-0.01483333333 0.008 -0.0003488445791)
(-0.01416666667 0.007846153846 -0.0003421360295)
(-0.0175 0.01076923077 -0.0004695984718)
(-0.01683333333 0.01057692308 -0.0004612127848)
(-0.01616666667 0.01038461538 -0.0004528270978)
(-0.0155 0.01019230769 -0.0004444414108)
(-0.01483333333 0.01 -0.0004360557238)
(-0.01416666667 0.009807692308 -0.0004276700368)
(-0.0175 0.01292307692 -0.0005635181662)
(-0.01683333333 0.01269230769 -0.0005534553418)
(-0.01616666667 0.01246153846 -0.0005433925174)
(-0.0155 0.01223076923 -0.000533329693)
(-0.01483333333 0.012 -0.0005232668686)
(-0.01416666667 0.01176923077 -0.0005132040442)
(-0.0175 0.01507692308 -0.0006574378605)
(-0.01683333333 0.01480769231 -0.0006456978988)
(-0.01616666667 0.01453846154 -0.000633957937)
(-0.0155 0.01426923077 -0.0006222179752)
(-0.01483333333 0.014 -0.0006104780134)
(-0.01416666667 0.01373076923 -0.0005987380516)
(-0.0175 0.01723076923 -0.0007513575549)
(-0.01683333333 0.01692307692 -0.0007379404557)
(-0.01616666667 0.01661538462 -0.0007245233565)
(-0.0155 0.01630769231 -0.0007111062573)
(-0.01483333333 0.016 -0.0006976891581)
(-0.01416666667 0.01569230769 -0.0006842720589)
(-0.0175 0.01938461538 -0.0008452772493)
(-0.01683333333 0.01903846154 -0.0008301830127)
(-0.01616666667 0.01869230769 -0.0008150887761)
(-0.0155 0.01834615385 -0.0007999945395)
(-0.01483333333 0.018 -0.0007849003029)
(-0.01416666667 0.01765384615 -0.0007698060663)
(-0.0175 0.02153846154 -0.0009391969436)
(-0.01683333333 0.02115384615 -0.0009224255696)
(-0.01616666667 0.02076923077 -0.0009056541957)
(-0.0155 0.02038461538 -0.0008888828217)
(-0.01483333333 0.02 -0.0008721114477)
(-0.01416666667 0.01961538462 -0.0008553400737)
(-0.0175 0.02369230769 -0.001033116638)
(-0.01683333333 0.02326923077 -0.001014668127)
(-0.01616666667 0.02284615385 -0.0009962196152)
(-0.0155 0.02242307692 -0.0009777711038)
(-0.01483333333 0.022 -0.0009593225924)
(-0.01416666667 0.02157692308 -0.000940874081)
(-0.0175 0.02584615385 -0.001127036332)
(-0.01683333333 0.02538461538 -0.001106910684)
(-0.01616666667 0.02492307692 -0.001086785035)
(-0.0155 0.02446153846 -0.001066659386)
(-0.01483333333 0.024 -0.001046533737)
(-0.01416666667 0.02353846154 -0.001026408088)
(-0.0175 0.002153846154 9.391969436e-05)
(-0.01683333333 0.002115384615 9.224255696e-05)
(-0.01616666667 0.002076923077 9.056541957e-05)
(-0.0155 0.002038461538 8.888828217e-05)
(-0.01483333333 0.002 8.721114477e-05)
(-0.01416666667 0.001961538462 8.553400737e-05)
(-0.0175 0.004307692308 0.0001878393887)
(-0.01683333333 0.004230769231 0.0001844851139)
(-0.01616666667 0.004153846154 0.0001811308391)
(-0.0155 0.004076923077 0.0001777765643)
(-0.01483333333 0.004 0.0001744222895)
(-0.01416666667 0.003923076923 0.0001710680147)
(-0.0175 0.006461538462 0.0002817590831)
(-0.01683333333 0.006346153846 0.0002767276709)
(-0.01616666667 0.006230769231 0.0002716962587)
(-0.0155 0.006115384615 0.0002666648465)
(-0.01483333333 0.006 0.0002616334343)
(-0.01416666667 0.005884615385 0.0002566020221)
(-0.0175 0.008615384615 0.0003756787775)
(-0.01683333333 0.008461538462 0.0003689702279)
(-0.01616666667 0.008307692308 0.0003622616783)
(-0.0155 0.008153846154 0.0003555531287)
(-0.01483333333 0.008 0.0003488445791)
(-0.01416666667 0.007846153846 0.0003421360295)
(-0.0175 0.01076923077 0.0004695984718)
(-0.01683333333 0.01057692308 0.0004612127848)
(-0.01616666667 0.01038461538 0.0004528270978)
(-0.0155 0.01019230769 0.0004444414108)
(-0.01483333333 0.01 0.0004360557238)
(-0.01416666667 0.009807692308 0.0004276700368)
(-0.0175 0.01292307692 0.0005635181662)
(-0.01683333333 0.01269230769 0.0005534553418)
(-0.01616666667 0.01246153846 0.0005433925174)
(-0.0155 0.01223076923 0.000533329693)
(-0.01483333333 0.012 0.0005232668686)
(-0.01416666667 0.01176923077 0.0005132040442)
(-0.0175 0.01507692308 0.0006574378605)
(-0.01683333333 0.01480769231 0.0006456978988)
(-0.01616666667 0.01453846154 0.000633957937)
(-0.0155 0.01426923077 0.0006222179752)
(-0.01483333333 0.014 0.0006104780134)
(-0.01416666667 0.01373076923 0.0005987380516)
(-0.0175 0.01723076923 0.0007513575549)
(-0.01683333333 0.01692307692 0.0007379404557)
(-0.01616666667 0.01661538462 0.0007245233565)
(-0.0155 0.01630769231 0.0007111062573)
(-0.01483333333 0.016 0.0006976891581)
(-0.01416666667 0.01569230769 0.0006842720589)
(-0.0175 0.01938461538 0.0008452772493)
(-0.01683333333 0.01903846154 0.0008301830127)
(-0.01616666667 0.01869230769 0.0008150887761)
(-0.0155 0.01834615385 0.0007999945395)
(-0.01483333333 0.018 0.0007849003029)
(-0.01416666667 0.01765384615 0.0007698060663)
(-0.0175 0.02153846154 0.0009391969436)
(-0.01683333333 0.02115384615 0.0009224255696)
(-0.01616666667 0.02076923077 0.0009056541957)
(-0.0155 0.02038461538 0.0008888828217)
(-0.01483333333 0.02 0.0008721114477)
(-0.01416666667 0.01961538462 0.0008553400737)
(-0.0175 0.02369230769 0.001033116638)
(-0.01683333333 0.02326923077 0.001014668127)
(-0.01616666667 0.02284615385 0.0009962196152)
(-0.0155 0.02242307692 0.0009777711038)
(-0.01483333333 0.022 0.0009593225924)
(-0.01416666667 0.02157692308 0.000940874081)
(-0.0175 0.02584615385 0.001127036332)
(-0.01683333333 0.02538461538 0.001106910684)
(-0.01616666667 0.02492307692 0.001086785035)
(-0.0155 0.02446153846 0.001066659386)
(-0.01483333333 0.024 0.001046533737)
(-0.01416666667 0.02353846154 0.001026408088)
)


// ************************************************************************* //
