moisture	avg	smoch	horni	spodni	time
0.570776256	0.559970835	0.005093724	0.565064559	0.554877111	0
0.570679607	0.559669776	0.004884186	0.564553961	0.55478559	0.03735045
0.570541452	0.560387823	0.004664641	0.565052464	0.555723182	0.074648267
0.571142347	0.560542247	0.004745758	0.565288004	0.555796489	0.11195375
0.571170018	0.560410964	0.004837903	0.565248868	0.555573061	0.1493437
0.571280502	0.562094271	0.00443656	0.566530831	0.557657711	0.186782683
0.571439461	0.561337506	0.005380468	0.566717974	0.555957038	0.224423183
0.570831498	0.561075053	0.004777584	0.565852636	0.556297469	0.26195065
0.570285844	0.560897377	0.004696611	0.565593988	0.556200765	0.299426617
0.569235845	0.562156018	0.00420626	0.566362278	0.557949758	0.33692455
0.570002566	0.561430183	0.004385236	0.565815419	0.557044946	0.374420433
0.57057599	0.562063342	0.004561121	0.566624462	0.557502221	0.411949567
0.568959534	0.561576929	0.004418866	0.565995795	0.557158064	0.449408233
0.567177351	0.561692747	0.003890321	0.565583068	0.557802427	0.486957233
0.570195964	0.561059588	0.004430566	0.565490154	0.556629022	0.52433085
0.569588101	0.562009271	0.004310319	0.56631959	0.557698952	0.561862133
0.568980238	0.562557542	0.003438037	0.565995578	0.559119505	0.599314533
0.567246429	0.562943601	0.002956909	0.56590051	0.559986692	0.63691075
0.568897324	0.560920629	0.004214095	0.565134724	0.556706534	0.674427617
0.568869753	0.563345013	0.003542503	0.566887516	0.55980251	0.711946667
0.568945699	0.560588529	0.005013015	0.565601545	0.555575514	0.749482983
0.569470649	0.562256371	0.003679268	0.565935639	0.558577103	0.787039367
0.568924995	0.562789177	0.0041449	0.566934078	0.558644277	0.824501533
0.569367032	0.560966912	0.004469046	0.565435957	0.556497866	0.86209575
0.566452036	0.561214012	0.004008344	0.565222356	0.557205668	0.8995653
0.567384584	0.561352971	0.004316106	0.565669077	0.557036865	0.937146167
0.568427617	0.559592564	0.004871385	0.564463948	0.554721179	0.974656833
0.569284219	0.561847171	0.004270636	0.566117806	0.557576535	1.012224017
0.568648685	0.560549923	0.005096882	0.565646805	0.555453041	1.049747333
0.568890457	0.559916876	0.004561334	0.564478209	0.555355542	1.087260933
0.568372374	0.559067546	0.005044934	0.56411248	0.554022612	1.1246129
0.56798548	0.558627416	0.006011546	0.564638962	0.55261587	1.161955583
0.567902666	0.559098364	0.005372577	0.564470941	0.553725786	1.1992657
0.569049315	0.559924552	0.004955239	0.564879791	0.554969313	1.236551667
0.568683224	0.560472712	0.004316689	0.564789401	0.556156022	1.2738897
0.569277251	0.560935982	0.004913547	0.565849529	0.556022436	1.3111287
0.568807543	0.560812488	0.004922827	0.565735315	0.555889662	1.3484834
0.568137471	0.560835629	0.004759751	0.565595381	0.556075878	1.385904033
0.567999315	0.560758418	0.004434531	0.565192948	0.556323887	1.42325545
0.567647059	0.55883591	0.005066704	0.563902614	0.553769206	1.4605374
0.566942448	0.558086933	0.005866929	0.563953862	0.552220005	1.497780617
0.566762886	0.558704628	0.004785494	0.563490122	0.553919134	1.535064067
0.567647059	0.558681487	0.005452157	0.564133643	0.55322933	1.572411433
0.566051306	0.559245111	0.005139216	0.564384326	0.554105895	1.609657783
0.568565772	0.560928306	0.004171063	0.565099369	0.556757243	1.646941
0.568980238	0.561067265	0.004540355	0.56560762	0.55652691	1.6842266
0.569394703	0.559592564	0.00499206	0.564584623	0.554600504	1.721514383
0.568344703	0.556843757	0.006417473	0.563261229	0.550426284	1.758776767
0.56746053	0.559229646	0.00495377	0.564183416	0.554275876	1.796065917
0.568151306	0.56173903	0.003691161	0.56543019	0.558047869	1.833424917
0.566382959	0.561129012	0.003778525	0.564907537	0.557350487	1.870804883
0.565616137	0.558403457	0.004900822	0.563304279	0.553502636	1.908216933
0.566493443	0.5602334	0.004279461	0.56451286	0.555953939	1.945452267
0.568330868	0.559468958	0.004733684	0.564202642	0.554735274	1.982796267
0.56674905	0.560465035	0.004308138	0.564773173	0.556156897	2.02019685
0.567467398	0.560882023	0.004221908	0.565103931	0.556660115	2.057463267
0.567308539	0.558874516	0.005826635	0.564701151	0.553047881	2.094789083
0.567681598	0.560163864	0.005173939	0.565337804	0.554989925	2.1320779
0.567467398	0.55968524	0.004788646	0.564473887	0.554896594	2.169298183
0.567495069	0.560465035	0.004160137	0.564625172	0.556304898	2.207395817
0.567653927	0.560125258	0.004118684	0.564243943	0.556006574	2.24473985
0.566963151	0.559275929	0.004637294	0.563913223	0.554638635	2.28205195
0.567046064	0.559692917	0.004751942	0.564444859	0.554940975	2.319376667
0.567729972	0.559291393	0.00547761	0.564769003	0.553813784	2.356752017
0.567467398	0.558125539	0.006032124	0.564157664	0.552093415	2.3941242
0.567163516	0.560341541	0.00457024	0.56491178	0.555771301	2.431412317
0.568621014	0.555453944	0.006977342	0.562431286	0.548476602	2.468927
0.568648685	0.557708551	0.005859718	0.563568269	0.551848833	2.50622395
0.566569389	0.558449851	0.004939782	0.563389633	0.553510069	2.54353745
0.568116767	0.558820446	0.005510431	0.564330877	0.553310014	2.58083905
0.567142813	0.558017398	0.004647943	0.562665341	0.553369455	2.6181017
0.567626356	0.555971285	0.005970673	0.561941958	0.550000612	2.655513417
0.567419123	0.558125539	0.00515055	0.563276089	0.55297499	2.692875183
0.566465772	0.558812658	0.004590855	0.563403513	0.554221803	2.7301796
0.56761252	0.557816692	0.005465504	0.563282196	0.552351188	2.76748
0.566016768	0.556859221	0.005910505	0.562769726	0.550948716	2.804718667
0.566859535	0.557530986	0.005470991	0.563001977	0.552059995	2.842042133
0.56647274	0.556805151	0.006049096	0.562854247	0.550756055	2.879379783
0.565284585	0.557808904	0.005554247	0.563363151	0.552254657	2.916695033
0.565802667	0.557507845	0.004767142	0.562274987	0.552740703	2.953912233
0.567370749	0.558457528	0.005159209	0.563616737	0.553298319	2.991261033
0.566797424	0.558241357	0.005283382	0.563524739	0.552957975	3.028656783
0.565623105	0.556534909	0.005533758	0.562068667	0.551001152	3.065959667
0.565857909	0.556133497	0.006208557	0.562342054	0.54992494	3.103229133
0.566852667	0.557839833	0.005316237	0.56315607	0.552523596	3.140586167
0.565595434	0.558218216	0.004938666	0.563156882	0.55327955	3.178118283
0.566486575	0.558310781	0.004493263	0.562804044	0.553817518	3.2154427
0.56712201	0.557893904	0.005500934	0.563394837	0.55239297	3.25269805
0.566963151	0.558403457	0.004487489	0.562890947	0.553915968	3.289962767
0.567135845	0.559530817	0.004243793	0.56377461	0.555287023	3.327311417
0.567425991	0.558720093	0.004690917	0.563411009	0.554029176	3.36469555
0.567425991	0.557183533	0.005786608	0.562970142	0.551396925	3.401989867
0.566728347	0.558086933	0.005534289	0.563621223	0.552552644	3.439412383
0.568040822	0.557716339	0.005152912	0.562869251	0.552563427	3.47674625
0.566521114	0.558959405	0.004776532	0.563735936	0.554182873	3.514055183
0.565540192	0.557144927	0.004926262	0.562071189	0.552218665	3.551292767
0.567716137	0.557206674	0.005325267	0.562531942	0.551881407	3.588630917
0.567204923	0.556758868	0.006034462	0.56279333	0.550724406	3.625936583
0.56647274	0.557770298	0.005268979	0.563039277	0.552501319	3.663252783
0.566610895	0.558056004	0.005270651	0.563326656	0.552785353	3.700558167
0.566755918	0.557623663	0.005140916	0.562764578	0.552482747	3.737825917
0.566866502	0.555369056	0.005906826	0.561275881	0.54946223	3.775135533
0.565747425	0.557500057	0.004609879	0.562109936	0.552890178	3.812423117
0.566175726	0.557113998	0.004778621	0.561892619	0.552335377	3.8497896
0.567073735	0.556264668	0.006006467	0.562271135	0.550258201	3.887098133
0.566548685	0.557036786	0.00514714	0.562183926	0.551889646	3.9243657
0.566106648	0.556125709	0.005581612	0.561707321	0.550544097	3.9625319
0.566818128	0.557283886	0.004988415	0.562272301	0.552295471	3.999797633
0.566452036	0.556612121	0.005450392	0.562062513	0.55116173	4.037175217
0.56712201	0.557106321	0.005038247	0.562144569	0.552068074	4.074403733
0.566880238	0.558256822	0.004121601	0.562378422	0.554135221	4.111788183
0.566389827	0.557530986	0.004742746	0.562273732	0.55278824	4.149065317
0.567039196	0.557113998	0.005041875	0.562155873	0.552072123	4.186283733
0.566369123	0.558210428	0.004261926	0.562472354	0.553948502	4.223626467
0.566714511	0.55648095	0.005080409	0.561561359	0.551400541	4.260886917
0.566527982	0.556079426	0.005292867	0.561372294	0.550786559	4.298411
0.566576356	0.556009891	0.005530493	0.561540384	0.550479399	4.33566355
0.567446694	0.557399704	0.005735704	0.563135408	0.551664	4.372932583
0.56659706	0.55733028	0.005394049	0.562724329	0.551936231	4.41022015
0.566389827	0.555755115	0.006166474	0.561921588	0.549588641	4.447532317
0.566355288	0.555863256	0.005748718	0.561611974	0.550114538	4.484867717
0.564807909	0.554936714	0.00574525	0.560681964	0.549191464	4.5222186
0.565374366	0.556727939	0.005160104	0.561888042	0.551567835	4.5596172
0.566306914	0.555369056	0.005629424	0.560998479	0.549739632	4.59696125
0.564255288	0.555538944	0.0056051	0.561144044	0.549933844	4.634193267
0.56554706	0.555538944	0.006033674	0.561572618	0.54950527	4.6714449
0.56523621	0.556087103	0.004994491	0.561081594	0.551092612	4.70879275
0.565263881	0.554766826	0.005876421	0.560643247	0.548890404	4.746174
0.564911526	0.554982996	0.005281149	0.560264145	0.549701848	4.783559033
0.564656018	0.556612121	0.004874459	0.56148658	0.551737662	4.820834233
0.564379708	0.55809461	0.004366335	0.562460945	0.553728275	4.858301183
0.565291453	0.556071638	0.005212503	0.561284142	0.550859135	4.895633583
0.567888831	0.554527402	0.006253529	0.560780931	0.548273873	4.932948017
0.56529842	0.556249315	0.004970045	0.56121936	0.55127927	4.970315467
0.565063516	0.556079426	0.004937901	0.561017327	0.551141526	5.007618433
0.565892448	0.556488627	0.004774455	0.561263081	0.551714172	5.04502905
0.565028978	0.557839833	0.003873665	0.561713498	0.553966169	5.082275567
0.56569905	0.557963328	0.004008112	0.56197144	0.553955216	5.119536717
0.56567138	0.557415168	0.004279164	0.561694333	0.553136004	5.1569261
0.565381333	0.557253068	0.004640849	0.561893918	0.552612219	5.19417845
0.56458694	0.555214632	0.005248762	0.560463394	0.54996587	5.231435667
0.564552402	0.555508015	0.005572378	0.561080393	0.549935636	5.2687487
0.564856284	0.555708832	0.005070109	0.560778941	0.550638723	5.30610475
0.564911526	0.556002215	0.004978372	0.560980586	0.551023843	5.343364283
0.564421114	0.555554408	0.005295122	0.56084953	0.550259286	5.38074555
0.56437274	0.555338126	0.005466331	0.560804458	0.549871795	5.418125483
0.563958274	0.556025356	0.005181783	0.561207139	0.550843573	5.45538365
0.564365872	0.555423126	0.005128988	0.560552114	0.550294138	5.492740283
0.564870119	0.555415338	0.005140032	0.56055537	0.550275306	5.5302072
0.564642183	0.555469409	0.004943253	0.560412661	0.550526156	5.5675095
0.563695799	0.555361379	0.005133049	0.560494428	0.55022833	5.60481995
0.564144804	0.55617978	0.004598474	0.560778253	0.551581306	5.642121867
0.5649599	0.555407661	0.004962372	0.560370033	0.55044529	5.679388567
0.56508422	0.554651008	0.0054501	0.560101108	0.549200908	5.717489767
0.564490192	0.554612402	0.005082448	0.559694851	0.549529954	5.75481455
0.56542274	0.555878609	0.005029878	0.560908487	0.55084873	5.7921777
0.564725096	0.55478229	0.005325527	0.560107818	0.549456763	5.82947265
0.565125726	0.554720432	0.005408709	0.560129141	0.549311723	5.867079733
0.564130968	0.554813108	0.005320745	0.560133854	0.549492363	5.904332367
0.564027352	0.554542867	0.005687923	0.56023079	0.548854943	5.9415757
0.564690557	0.555121955	0.005600863	0.560722818	0.549521093	5.978920483
0.564137936	0.555847791	0.004719359	0.56056715	0.551128432	6.016216033
0.563875361	0.553176196	0.005863846	0.559040042	0.547312349	6.05357105
0.563965242	0.552481289	0.006190052	0.558671342	0.546291237	6.091080383
0.564421114	0.551423465	0.006338682	0.557762147	0.545084783	6.12844875
0.562479973	0.551631959	0.006000164	0.557632124	0.545631795	6.165767733
0.56403432	0.552797925	0.006399526	0.55919745	0.546398399	6.20300755
0.564801041	0.554164485	0.005951625	0.56011611	0.548212859	6.240304983
0.564082594	0.553732143	0.005711801	0.559443944	0.548020342	6.277606917
0.563930703	0.55363179	0.005405837	0.559037627	0.548225953	6.314835633
0.563502402	0.552774672	0.006770254	0.559544926	0.546004418	6.35221725
0.564946065	0.552226513	0.006721633	0.558948146	0.545504879	6.389487117
0.564117133	0.552658854	0.006546401	0.559205255	0.546112453	6.426855083
0.564870119	0.554789967	0.005750817	0.560540784	0.54903915	6.46413785
0.563944439	0.554156808	0.005651774	0.559808582	0.548505034	6.50140325
0.562873736	0.554566008	0.00535181	0.559917818	0.549214198	6.5388053
0.562804658	0.554604614	0.005480484	0.560085099	0.54912413	6.576159983
0.564117133	0.554504261	0.005530759	0.56003502	0.548973502	6.613560133
0.564517863	0.553570043	0.006559535	0.560129578	0.547010507	6.651106983
0.563529973	0.552867348	0.005758692	0.55862604	0.547108657	6.688550867
0.564331333	0.549917835	0.007492353	0.557410188	0.542425482	6.725829217
0.564027352	0.550890771	0.006950738	0.557841509	0.543940033	6.76312385
0.563219124	0.551948595	0.00639251	0.558341105	0.545556085	6.800457583
0.563903032	0.552597107	0.00604201	0.558639117	0.546555097	6.837903717
0.563965242	0.552543037	0.005789553	0.55833259	0.546753484	6.875182767
0.563833955	0.551415789	0.006192179	0.557607967	0.54522361	6.912540983
0.563937571	0.552149301	0.006405711	0.558555012	0.54574359	6.94985575
0.564345169	0.552079766	0.006397515	0.55847728	0.545682251	6.987239617
0.562770119	0.553863425	0.005518235	0.55938166	0.548345191	7.024561417
0.562369489	0.552103018	0.005925052	0.55802807	0.546177966	7.061929167
0.563896164	0.554805432	0.005337431	0.560142863	0.549468	7.09922085
0.563053397	0.553531437	0.005507753	0.55903919	0.548023683	7.136546383
0.563157014	0.553075843	0.005235337	0.55831118	0.547840505	7.173844417
0.562659635	0.552998631	0.005410263	0.558408894	0.547588367	7.211164317
0.562811626	0.55338469	0.005538988	0.558923678	0.547845702	7.2485332
0.563025726	0.552427219	0.006113073	0.558540292	0.546314146	7.285805283
0.562659635	0.55294456	0.005829973	0.558774533	0.547114587	7.32309745
0.563184585	0.553299801	0.005595811	0.558895613	0.54770399	7.360366033
0.563039562	0.552033483	0.005749609	0.557783092	0.546283874	7.397716433
0.562728713	0.552705248	0.005572324	0.558277572	0.547132924	7.435084533
0.562321115	0.552473613	0.005498134	0.557971747	0.546975478	7.472752933
0.561879078	0.552458148	0.005907237	0.558365385	0.546550911	7.510125067
0.561575096	0.552519895	0.005687799	0.558207694	0.546832097	7.547415217
0.562542183	0.552388613	0.00622198	0.558610593	0.546166633	7.584695767
0.561195169	0.550628206	0.006582626	0.557210831	0.54404558	7.622049117
0.562473106	0.551794171	0.00606308	0.557857251	0.545731091	7.6594717
0.562037936	0.551099265	0.006453616	0.557552881	0.544645648	7.696921117
0.561879078	0.551261365	0.006315569	0.557576934	0.544945796	7.734199333
0.563564512	0.551948595	0.006204763	0.558153357	0.545743832	7.77149855
0.561381699	0.552072089	0.005793608	0.557865697	0.546278481	7.8088089
0.561906649	0.552998631	0.004993345	0.557991976	0.548005286	7.8461576
0.562224466	0.551724636	0.005839983	0.557564619	0.545884652	7.883469317
0.56181	0.551423465	0.00577904	0.557202505	0.545644426	7.9207997
0.562652668	0.549910158	0.006828392	0.55673855	0.543081767	7.95812425
0.562652668	0.54963224	0.007304308	0.556936549	0.542327932	7.99570065
0.561174466	0.550087723	0.006729885	0.556817608	0.543357838	8.03302805
0.561043179	0.551716959	0.006098693	0.557815652	0.545618267	8.070347533
0.562072475	0.552025806	0.006094203	0.55812001	0.545931603	8.10768125
0.562134585	0.552272795	0.006103713	0.558376508	0.546169082	8.144954483
0.559640923	0.550164935	0.006197503	0.556362438	0.543967432	8.182279267
0.561291918	0.551022053	0.006293473	0.557315526	0.54472858	8.219603633
0.561623471	0.550504712	0.00695396	0.557458671	0.543550752	8.256950583
0.560621845	0.549732593	0.006701974	0.556434568	0.543030619	8.294255483
0.560317864	0.550751812	0.005961989	0.556713801	0.544789822	8.331588583
0.560089928	0.549446888	0.006742648	0.556189536	0.542704239	8.368840233
0.561485315	0.549439211	0.006674744	0.556113955	0.542764466	8.4061855
0.561727087	0.551014265	0.005865799	0.556880064	0.545148466	8.44368135
0.560449151	0.548898728	0.007294336	0.556193064	0.541604393	8.48097095
0.560939562	0.5506746	0.006577851	0.557252451	0.544096749	8.518291817
0.559613252	0.55127683	0.005774056	0.557050886	0.545502774	8.555620233
0.562169124	0.551871383	0.005364623	0.557236006	0.54650676	8.592918233
0.560987937	0.550983447	0.005447888	0.556431336	0.545535559	8.63025315
0.56042148	0.550882983	0.005512988	0.55639597	0.545369995	8.667467683
0.560317864	0.548937334	0.006728874	0.555666208	0.54220846	8.704780817
0.561084685	0.54889094	0.007116161	0.556007102	0.541774779	8.742150517
0.560718494	0.548450811	0.007276287	0.555727098	0.541174524	8.779478933
0.560490558	0.548582093	0.006958748	0.555540841	0.541623345	8.816779367
0.56029716	0.54848174	0.00736272	0.55584446	0.54111902	8.8541053
0.560366238	0.548759658	0.006939898	0.555699556	0.54181976	8.89144015
0.560580339	0.550265288	0.005935692	0.55620098	0.544329596	8.928724267
0.560172841	0.549802017	0.00627353	0.556075548	0.543528487	8.966056333
0.559944904	0.548821516	0.006870088	0.555691605	0.541951428	9.003341433
0.561077718	0.549771199	0.006474826	0.556246026	0.543296373	9.040659117
0.561395534	0.546651798	0.007752035	0.554403833	0.538899763	9.0780736
0.559302403	0.54722321	0.006934778	0.554157988	0.540288432	9.115389833
0.560117598	0.54757834	0.0069413	0.55451964	0.540637039	9.1526755
0.560069224	0.548597558	0.006586736	0.555184293	0.542010822	9.190092017
0.559951772	0.546674939	0.007279004	0.553953944	0.539395935	9.2274371
0.559972476	0.547786834	0.00668216	0.554468994	0.541104673	9.264758133
0.560380073	0.547956722	0.006861609	0.55481833	0.541095113	9.302036367
0.560214247	0.547732763	0.006892772	0.554625535	0.540839991	9.339337283
0.559855024	0.54648191	0.007428546	0.553910455	0.539053364	9.376655083
0.561581964	0.547640087	0.007078169	0.554718256	0.540561918	9.41389385
0.559730704	0.548172893	0.006941758	0.555114651	0.541231135	9.4511711
0.56026949	0.547725086	0.006819723	0.554544809	0.540905364	9.488529633
0.559965608	0.546613192	0.00738155	0.553994742	0.539231642	9.525798733
0.559212622	0.546111315	0.007041189	0.553152504	0.539070126	9.563184183
0.55897085	0.548551275	0.006115305	0.55466658	0.54243597	9.600434867
0.559592549	0.547709622	0.006838434	0.554548055	0.540871188	9.6376496
0.559917233	0.548281034	0.0062289	0.554509933	0.542052134	9.674894383
0.558618594	0.548860122	0.00590458	0.554764702	0.542955542	9.712212117
0.557851773	0.548358246	0.006256233	0.554614478	0.542102013	9.749551267
0.558811991	0.547362169	0.006957985	0.554320153	0.540404184	9.786821733
0.558984686	0.548412205	0.006636867	0.555049072	0.541775338	9.8241162
0.55968233	0.547122857	0.007291625	0.554414482	0.539831232	9.861467567
0.558411361	0.543725426	0.008377817	0.552103243	0.535347608	9.89881595
0.558611627	0.546690404	0.007501154	0.554191558	0.539189249	9.936165583
0.558542549	0.547817763	0.006409031	0.554226794	0.541408732	9.973507033
0.558825827	0.547207745	0.006427164	0.553634909	0.540780581	10.01076843
0.558362987	0.547817763	0.006385573	0.554203335	0.54143219	10.04802658
0.560013982	0.546458768	0.006945955	0.553404723	0.539512814	10.08541043
0.559419855	0.54694518	0.006918211	0.553863392	0.540026969	10.12265723
0.559295535	0.546397021	0.007381718	0.553778739	0.539015303	10.15997513
0.559019224	0.545872003	0.007371391	0.553243394	0.538500612	10.1972958
0.559274831	0.547717299	0.006699476	0.554416774	0.541017823	10.23464647
0.55869454	0.546914362	0.006893548	0.55380791	0.540020815	10.27193953
0.558632429	0.547508916	0.006140176	0.553649092	0.541368739	10.3092082
0.558356119	0.547701945	0.005950803	0.553652748	0.541751142	10.34650782
0.558425197	0.546118992	0.006632518	0.55275151	0.539486474	10.38379402
0.560165873	0.547864045	0.006283091	0.554147137	0.541580954	10.42113587
0.559792914	0.545833397	0.007162623	0.552996021	0.538670774	10.45845852
0.558687672	0.546628657	0.006593334	0.55322199	0.540035323	10.49584043
0.559067599	0.54648191	0.006571176	0.553053085	0.539910734	10.53309537
0.558784321	0.545547691	0.006972493	0.552520184	0.538575198	10.57039703
0.558466603	0.544142414	0.007483075	0.551625489	0.536659339	10.60768632
0.557844905	0.543192731	0.007777646	0.550970377	0.535415085	10.64495988
0.557292284	0.544698361	0.007530259	0.55222862	0.537168102	10.68244688
0.55758243	0.545014885	0.007393122	0.552408007	0.537621763	10.71979332
0.557285416	0.545895144	0.006384459	0.552279603	0.539510686	10.75712408
0.557900147	0.545470479	0.006717392	0.552187871	0.538753088	10.79442322
0.557423571	0.546057245	0.006369003	0.552426248	0.539688242	10.83166238
0.557900147	0.54508442	0.007461407	0.552545827	0.537623013	10.86906548
0.557962357	0.54552455	0.007066649	0.552591199	0.538457901	10.90639077
0.556276823	0.543702284	0.007770022	0.551472307	0.535932262	10.94376937
0.556242284	0.544721503	0.0068324	0.551553903	0.537889103	10.98114793
0.557202503	0.545130703	0.00692224	0.552052943	0.538208463	11.01846407
0.55727158	0.544443585	0.007058946	0.55150253	0.537384639	11.05575655
0.555627453	0.544636614	0.007144982	0.551781596	0.537491632	11.09305928
0.555268329	0.543601931	0.007796167	0.551398098	0.535805765	11.13060983
0.556297526	0.543810425	0.007477329	0.551287755	0.536333096	11.1681184
0.556117964	0.542690854	0.008154238	0.550845093	0.534536616	11.20556003
0.555855489	0.546327486	0.006621742	0.552949228	0.539705744	11.24308427
0.55594527	0.54467522	0.006674185	0.551349405	0.538001035	11.28065627
0.55665675	0.546474233	0.006024407	0.552498639	0.540449826	11.31812997
0.555648256	0.546142244	0.006014483	0.552156727	0.540127761	11.3556686
0.557554759	0.545648044	0.006842403	0.552490447	0.538805641	11.39318288
0.555793279	0.544821856	0.007100995	0.551922851	0.53772086	11.43061685
0.556041919	0.544150091	0.007299	0.551449091	0.53685109	11.4680206
0.556546265	0.545316056	0.007311061	0.552627117	0.538004995	11.50557212
0.556076458	0.543339367	0.007721571	0.551060937	0.535617796	11.54305247
0.555337407	0.543277619	0.007777439	0.551055058	0.535500181	11.58052872
0.555109371	0.544219626	0.007123431	0.551343057	0.537096195	11.61795182
0.555475562	0.545485944	0.006578243	0.552064187	0.538907701	11.65548248
0.556173206	0.543694608	0.007538072	0.55123268	0.536156536	11.69294432
0.556836411	0.543547861	0.007598505	0.551146366	0.535949356	11.7305351
0.55573107	0.540899518	0.008304912	0.54920443	0.532594606	11.76800963
0.556000512	0.541926413	0.008416641	0.550343053	0.533509772	11.8055381
0.55443243	0.54072963	0.008165971	0.548895601	0.532563659	11.84296272
0.554660367	0.543362619	0.007260018	0.550622637	0.536102601	11.88049015
0.554833061	0.543995667	0.006381937	0.550377604	0.53761373	11.91798228
0.555178449	0.542119442	0.007411897	0.549531339	0.534707545	11.95557462
0.554625828	0.543246802	0.00687566	0.550122462	0.536371141	11.99296197
0.555226823	0.543601931	0.007228641	0.550830572	0.53637329	12.03129695
0.554411727	0.543748678	0.007305877	0.551054556	0.536442801	12.0688429
0.55378316	0.543393437	0.007148421	0.550541858	0.536245016	12.10646952
0.554874567	0.543239014	0.006813918	0.550052932	0.536425095	12.14399442
0.555620585	0.543879849	0.007079116	0.550958965	0.536800734	12.18149702
0.554971216	0.541957342	0.007528396	0.549485738	0.534428946	12.21895043
0.554867599	0.542304795	0.007616785	0.549921581	0.53468801	12.2565357
0.554943645	0.542652248	0.007301172	0.54995342	0.535351076	12.29404053
0.554819325	0.542567249	0.007276318	0.549843567	0.53529093	12.3314471
0.554190659	0.542026766	0.007808285	0.549835051	0.534218481	12.36874995
0.553396266	0.543517043	0.006941857	0.5504589	0.536575186	12.40606315
0.553368695	0.541432324	0.007690264	0.549122588	0.53374206	12.44337687
0.553472311	0.542783531	0.006936081	0.549719612	0.535847449	12.48065892
0.553223572	0.541246971	0.007390525	0.548637496	0.533856446	12.51785388
0.553382431	0.539301211	0.008388977	0.547690189	0.530912234	12.55514628
0.553451508	0.538861082	0.008232405	0.547093487	0.530628677	12.59247275
0.553748622	0.540945801	0.007204487	0.548150288	0.533741314	12.629808
0.553458476	0.540081117	0.007746846	0.547827964	0.532334271	12.66709558
0.553154494	0.541108012	0.007448609	0.548556621	0.533659403	12.70437728
0.552726193	0.540366712	0.007710939	0.548077651	0.532655773	12.74165622
0.552325563	0.540420783	0.007671286	0.548092068	0.532749497	12.77899647
0.553396266	0.538760729	0.008190414	0.546951143	0.530570315	12.8162941
0.553589663	0.539061899	0.008328448	0.547390348	0.530733451	12.85363022
0.552532796	0.53837467	0.008043552	0.546418221	0.530331118	12.89094685
0.552249617	0.538976899	0.008046377	0.547023277	0.530930522	12.92825205
0.552726193	0.539386211	0.007734506	0.547120717	0.531651705	12.96555552
0.553113088	0.539262605	0.008075466	0.547338071	0.53118714	13.00284362
0.552463718	0.539640988	0.007452991	0.547093979	0.532187997	13.04019522
0.551579544	0.537610228	0.00837892	0.545989149	0.529231308	13.07753248
0.55153117	0.537610228	0.00844108	0.546051308	0.529169148	13.11488965
0.551918065	0.538953758	0.008222394	0.547176153	0.530731364	13.15220613
0.550902604	0.539293535	0.007979213	0.547272748	0.531314322	13.18952473
0.551151243	0.540196935	0.007458095	0.54765503	0.53273884	13.22688077
0.550557216	0.538830264	0.007737879	0.546568143	0.531092385	13.26413583
0.552028549	0.54018147	0.006968292	0.547149762	0.533213178	13.30140187
0.551524302	0.541316506	0.006663775	0.547980281	0.534652732	13.33874508
0.551828184	0.541771989	0.006638123	0.548410112	0.535133866	13.37598205
0.551959471	0.54122383	0.006726731	0.547950561	0.534497099	13.41326675
0.551579544	0.5405366	0.006785353	0.547321953	0.533751248	13.45059357
0.551607215	0.539725876	0.007085216	0.546811092	0.532640661	13.48787113
0.551020056	0.539216323	0.007266888	0.546483211	0.531949435	13.52524027
0.552498257	0.539540635	0.007273245	0.54681388	0.53226739	13.56260403
0.551538138	0.540559742	0.006334391	0.546894133	0.53422535	13.59990682
0.551579544	0.539803088	0.007047429	0.546850517	0.532755659	13.6372177
0.551185782	0.539540635	0.007353767	0.546894402	0.532186867	13.67474215
0.550412093	0.540590671	0.006644032	0.547234702	0.533946639	13.71206387
0.550225663	0.539764482	0.006935666	0.546700148	0.532828816	13.74934408
0.549562458	0.540714165	0.006858708	0.547572873	0.533855457	13.78758083
0.551413718	0.538814799	0.007664333	0.546479132	0.531150466	13.82487548
0.550087508	0.539085041	0.007450342	0.546535382	0.531634699	13.86215968
0.549583161	0.538976899	0.007378544	0.546355444	0.531598355	13.8994903
0.55026707	0.538351528	0.007155389	0.545506917	0.531196139	13.936756
0.549866439	0.538328387	0.007160455	0.545488842	0.531167932	13.97407693
0.549210202	0.537942328	0.007327621	0.545269949	0.530614707	14.01130623
0.551558841	0.53883794	0.007406718	0.546244659	0.531431222	14.04864182
0.55001843	0.538583164	0.0076619	0.546245064	0.530921264	14.08594305
0.548823307	0.538158499	0.007866368	0.546024867	0.530292131	14.12326165
0.549638404	0.537594875	0.008115484	0.545710359	0.529479391	14.16054247
0.549762823	0.536845898	0.007862547	0.544708445	0.528983351	14.19779628
0.549776559	0.538552235	0.007222578	0.545774813	0.531329656	14.23509488
0.548830275	0.538336064	0.007306571	0.545642634	0.531029493	14.2723492
0.5485677	0.537672087	0.007495437	0.545167523	0.53017665	14.30961713
0.548616075	0.537865116	0.007599522	0.545464639	0.530265594	14.34690447
0.548540129	0.537865116	0.007235434	0.54510055	0.530629682	14.38420827
0.548332896	0.538814799	0.007182237	0.545997036	0.531632562	14.421447
0.549293015	0.538359205	0.007104711	0.545463916	0.531254494	14.45872103
0.549583161	0.53818164	0.007490589	0.545672229	0.530691051	14.4960466
0.547586878	0.536737757	0.007990275	0.544728032	0.528747482	14.53333665
0.547483261	0.536096921	0.007793922	0.543890843	0.528302999	14.57061683
0.546799353	0.537417199	0.007210673	0.544627872	0.530206525	14.60795372
0.548864814	0.536598798	0.00742088	0.544019678	0.529177918	14.6452176
0.54822928	0.537509875	0.007599281	0.545109156	0.529910595	14.68251423
0.54764212	0.53623588	0.007500306	0.543736186	0.528735574	14.71976833
0.548388138	0.535618186	0.007712269	0.543330455	0.527905916	14.7571188
0.547469426	0.535919356	0.007693909	0.543613265	0.528225447	14.79442723
0.547932266	0.536405768	0.007446536	0.543852305	0.528959232	14.83174518
0.549355225	0.537455805	0.007091017	0.544546822	0.530364787	14.86902837
0.548830275	0.535031421	0.008152653	0.543184073	0.526878768	14.90639505
0.547165445	0.536081457	0.007165755	0.543247212	0.528915701	14.94374648
0.547027289	0.535394338	0.007415673	0.542810011	0.527978665	14.98099633
0.546944376	0.535764933	0.007375413	0.543140346	0.528389519	15.01824452
0.54764212	0.534598968	0.008020966	0.542619934	0.526578002	15.0556352
0.547939134	0.537417199	0.006560083	0.543977281	0.530857116	15.09292902
0.547476294	0.535710862	0.007693545	0.543404407	0.528017317	15.13033483
0.548146367	0.534305585	0.008494639	0.542800224	0.525810946	15.16764955
0.547407216	0.533711032	0.008741266	0.542452297	0.524969766	15.2049336
0.545763189	0.534637574	0.008048082	0.542685656	0.526589491	15.2422601
0.546136248	0.536104598	0.00715337	0.543257968	0.528951228	15.27950173
0.546688869	0.535842145	0.007278973	0.543121118	0.528563171	15.31683212
0.54659212	0.534475473	0.007597891	0.542073365	0.526877582	15.35412807
0.547358842	0.533711032	0.008229421	0.541940452	0.525481611	15.39140743
0.546460833	0.533672426	0.008107098	0.541779524	0.525565328	15.4287404
0.54631581	0.534876997	0.007624774	0.542501771	0.527252223	15.46595072
0.547075664	0.534120343	0.008416956	0.542537299	0.525703388	15.50323145
0.546419426	0.534722573	0.007451445	0.542174018	0.527271129	15.54141727
0.545362558	0.532583784	0.008479816	0.5410636	0.524103968	15.5787697
0.545887509	0.533379043	0.008172365	0.541551408	0.525206679	15.61605457
0.545410933	0.533054731	0.008616901	0.541671633	0.52443783	15.6532824
0.54369086	0.533263226	0.008631259	0.541894484	0.524631967	15.69064447
0.544899718	0.532514249	0.008445831	0.54096008	0.524068418	15.7279812
0.54514149	0.532699602	0.008659051	0.541358653	0.524040551	15.76521587
0.544961928	0.53278449	0.007976137	0.540760627	0.524808353	15.80246392
0.54467865	0.533155196	0.007715834	0.54087103	0.525439362	15.8397358
0.54396717	0.534228373	0.007085092	0.541313465	0.527143282	15.87709423
0.543587244	0.533564396	0.007329634	0.54089403	0.526234762	15.91433423
0.543960303	0.533402185	0.007006248	0.540408433	0.526395937	15.95163842
0.544851344	0.533865455	0.007681734	0.541547189	0.526183722	15.98904537
0.545535252	0.533749638	0.007344513	0.541094151	0.526405125	16.02634572
0.545251974	0.535239915	0.006961963	0.542201877	0.528277952	16.06371585
0.544858312	0.532715066	0.007999413	0.540714479	0.524715653	16.10099555
0.54427802	0.535672256	0.006517827	0.542190084	0.529154429	16.13836132
0.544733892	0.533093337	0.007441581	0.540534919	0.525651756	16.1757471
0.54409149	0.532776813	0.007873312	0.540650126	0.524903501	16.21308595
0.543421417	0.532514249	0.007516145	0.540030394	0.524998104	16.25031212
0.543891225	0.531842595	0.008096965	0.53993956	0.523745631	16.28759895
0.542412924	0.531572242	0.00788133	0.539453573	0.523690912	16.3248332
0.543932632	0.529062859	0.008920611	0.537983469	0.520142248	16.36212583
0.543241855	0.531302001	0.008143232	0.539445233	0.523158769	16.39947403
0.544167535	0.533803708	0.007100596	0.540904304	0.526703113	16.4367115
0.542405956	0.53242936	0.007870409	0.540299769	0.524558951	16.4740805
0.542288604	0.532143654	0.007887247	0.540030902	0.524256407	16.51141707
0.542095107	0.531973766	0.007938582	0.539912348	0.524035184	16.54869757
0.541701444	0.529201929	0.008837367	0.538039296	0.520364562	16.58602013
0.542675399	0.529958582	0.008693719	0.538652302	0.521264863	16.6233713
0.5428895	0.529858229	0.008187587	0.538045817	0.521670642	16.66068112
0.543145107	0.529672876	0.008295708	0.537968585	0.521377168	16.69793908
0.542931006	0.531286648	0.007370794	0.538657442	0.523915854	16.73522788
0.542993116	0.530962336	0.007539977	0.538502313	0.523422359	16.77252575
0.542903335	0.530846518	0.007460591	0.538307109	0.523385927	16.80981488
0.54224023	0.529387171	0.008253284	0.537640454	0.521133887	16.84708502
0.542627025	0.530136147	0.007850871	0.537987018	0.522285277	16.88439947
0.542012294	0.530576277	0.007875643	0.53845192	0.522700634	16.92168053
0.541929381	0.529495312	0.007925179	0.53742049	0.521570133	16.95904983
0.541784258	0.531495031	0.006840001	0.538335032	0.52465503	16.99636562
0.540969162	0.529464382	0.007829574	0.537293956	0.521634809	17.03364378
0.541432002	0.529626594	0.00774161	0.537368204	0.521884984	17.07094697
0.541563289	0.528097711	0.008839293	0.536937004	0.519258418	17.10827637
0.54171518	0.528283064	0.008454841	0.536737905	0.519828223	17.14563758
0.541134988	0.529116929	0.008130315	0.537247244	0.520986615	17.18292787
0.542385253	0.530105218	0.007582267	0.537687485	0.522522951	17.22024733
0.540941591	0.528228993	0.008757332	0.536986325	0.519471662	17.25759183
0.541038239	0.527688511	0.008487945	0.536176456	0.519200566	17.29573473
0.540071153	0.528352599	0.008202773	0.536555372	0.520149826	17.3330373
0.540575399	0.527588158	0.008123496	0.535711654	0.519464662	17.3703606
0.541134988	0.527039998	0.008737611	0.53577761	0.518302387	17.40765985
0.540292221	0.52807457	0.008198971	0.53627354	0.519875599	17.44492762
0.540223143	0.528082358	0.008580107	0.536662464	0.519502251	17.48221765
0.540230011	0.5294181	0.007952922	0.537371022	0.521465178	17.51951982
0.539511664	0.527186634	0.008688243	0.535874877	0.518498391	17.55683665
0.53946329	0.528383417	0.008166376	0.536549793	0.520217041	17.5941334
0.539262925	0.527580481	0.008591729	0.53617221	0.518988752	17.63140312
0.539145572	0.527456875	0.008483633	0.535940509	0.518973242	17.6687413
0.539815546	0.526715686	0.00826016	0.534975846	0.518455527	17.70606712
0.539256057	0.526399051	0.008534531	0.534933583	0.51786452	17.743382
0.538468532	0.526159739	0.008817255	0.534976995	0.517342484	17.7806901
0.538427125	0.527163493	0.008467023	0.535630516	0.518696469	17.81797923
0.538247563	0.526738828	0.008192581	0.534931408	0.518546247	17.85526717
0.53841329	0.526846969	0.00777326	0.534620229	0.519073709	17.89261587
0.537197563	0.526221486	0.008374076	0.534595563	0.51784741	17.92992422
0.537922878	0.525542045	0.008855955	0.534398	0.51668609	17.9672505
0.537418632	0.526352769	0.008375882	0.53472865	0.517976887	18.00449733
0.538130111	0.52618288	0.008695703	0.534878583	0.517487177	18.04179998
0.538302805	0.525750539	0.008614701	0.53436524	0.517135838	18.07916727
0.537991956	0.525766003	0.008174204	0.533940208	0.517591799	18.1165352
0.537128486	0.525302733	0.008652315	0.533955048	0.516650417	18.15394795
0.538295838	0.523495932	0.009454733	0.532950664	0.514041199	18.19129295
0.53711465	0.525047845	0.008733003	0.533780848	0.516314842	18.22868467
0.538219892	0.524298979	0.008513518	0.532812497	0.515785462	18.2660177
0.537432368	0.523519073	0.008879855	0.532398928	0.514639218	18.30328208
0.537218267	0.524067344	0.009035808	0.533103152	0.515031536	18.34058525
0.537446203	0.522522996	0.009407132	0.531930129	0.513115864	18.3779097
0.536741591	0.522113796	0.010103685	0.532217481	0.512010111	18.41521337
0.536002441	0.522847308	0.00933617	0.532183478	0.513511138	18.45249787
0.536182102	0.524067344	0.008718497	0.532785841	0.515348846	18.48981155
0.536686349	0.525819963	0.008068176	0.533888139	0.517751787	18.52718338
0.536237345	0.524947492	0.008491698	0.53343919	0.516455793	18.5644664
0.53566402	0.525240874	0.008465646	0.53370652	0.516775228	18.60175412
0.53649982	0.523480467	0.008762616	0.532243083	0.514717852	18.6390094
0.535691592	0.521928554	0.009311449	0.531240003	0.512617106	18.67636727
0.536216641	0.522191008	0.009189444	0.531380451	0.513001564	18.71373752
0.53711465	0.522167866	0.009210978	0.531378845	0.512956888	18.7509586
0.536237345	0.522229614	0.009584226	0.531813839	0.512645388	18.78821562
0.536396203	0.522793238	0.008605164	0.531398401	0.514188074	18.82549432
0.534468997	0.523241155	0.008277668	0.531518823	0.514963487	18.86274238
0.535442952	0.521835878	0.008611933	0.530447811	0.513223945	18.90008855
0.535698559	0.520716307	0.00946812	0.530184427	0.511248186	18.93740208
0.534717637	0.522175543	0.009117871	0.531293414	0.513057672	18.97469685
0.533536449	0.521380284	0.009492312	0.530872595	0.511887972	19.01204397
0.534247929	0.521303072	0.009501793	0.530804865	0.511801279	19.05021078
0.533681473	0.520592701	0.009864559	0.53045726	0.510728142	19.08747733
0.533833463	0.519836048	0.009768948	0.529604995	0.5100671	19.12478395
0.534351545	0.519380565	0.010296417	0.529676982	0.509084147	19.16211693
0.534040696	0.520384318	0.009715653	0.530099971	0.510668666	19.19987197
0.534330842	0.520237571	0.008946999	0.52918457	0.511290573	19.23714822
0.534731472	0.520114077	0.00854931	0.528663386	0.511564767	19.27447172
0.534876496	0.519550342	0.008933953	0.528484294	0.510616389	19.31176532
0.533301546	0.520662236	0.008982366	0.529644602	0.51167987	19.34909662
0.533881838	0.520546418	0.009144345	0.529690763	0.511402074	19.38632808
0.534254797	0.520152683	0.009129181	0.529281864	0.511023502	19.42365968
0.534607153	0.520283854	0.008977109	0.529260963	0.511306745	19.46097437
0.532956158	0.519635341	0.009361919	0.52899726	0.510273422	19.49831972
0.533108148	0.519596735	0.00897708	0.528573815	0.510619655	19.53562338
0.534006157	0.518423094	0.009673666	0.52809676	0.508749428	19.57298428
0.53341203	0.520121753	0.008675836	0.52879759	0.511445917	19.61029398
0.531864751	0.520191289	0.008954184	0.529145473	0.511237104	19.64754222
0.533101181	0.518909506	0.009025532	0.527935037	0.509883974	19.68483315
0.533101181	0.516716757	0.010333797	0.527050554	0.50638296	19.72213572
0.5309115	0.518886365	0.009244103	0.528130468	0.509642261	19.75943067
0.531512395	0.520090824	0.008533366	0.528624191	0.511557458	19.79672752
0.531015116	0.520106289	0.007789587	0.527895876	0.512316701	19.83404782
0.530738806	0.519565806	0.008949949	0.528515755	0.510615857	19.87139177
0.531747299	0.515102986	0.010563478	0.525666464	0.504539508	19.90863515
0.531795673	0.517604693	0.009723626	0.527328319	0.507881067	19.94596127
0.531975235	0.517820864	0.009747086	0.52756795	0.508073777	19.98323645
0.531546934	0.517203169	0.010095015	0.527298184	0.507108155	20.0205612
0.529757884	0.517836328	0.009470528	0.527306857	0.5083658	20.05789685
0.530193053	0.517967499	0.009413146	0.527380645	0.508554354	20.09517895
0.530655893	0.515743822	0.009876675	0.525620497	0.505867146	20.13250125
0.530821619	0.514886815	0.009740691	0.524627506	0.505146124	20.16988575
0.530420989	0.51657001	0.009414617	0.525984627	0.507155394	20.20720092
0.530179217	0.516956069	0.009251167	0.526207236	0.507704902	20.24451048
0.528493683	0.517403876	0.008482106	0.525885982	0.508921769	20.28180045
0.528763126	0.517264917	0.008848062	0.526112979	0.508416854	20.31916805
0.530593683	0.515002633	0.009521219	0.524523851	0.505481414	20.35648173
0.52952298	0.515087521	0.009886915	0.524974437	0.505200606	20.39378592
0.52998582	0.515149268	0.009967369	0.525116638	0.505181899	20.431113
0.528901281	0.516191628	0.009816277	0.526007905	0.506375351	20.46836183
0.529640432	0.514500756	0.009986516	0.524487272	0.50451424	20.50563042
0.528162131	0.514415756	0.009791463	0.524207219	0.504624293	20.54288652
0.527478322	0.514392615	0.010425058	0.524817673	0.503967557	20.58021477
0.528859874	0.514948562	0.009422543	0.524371106	0.505526019	20.6175023
0.52723655	0.515056592	0.009479951	0.524536543	0.505576641	20.65476942
0.527160505	0.513790385	0.010182558	0.523972943	0.503607828	20.69205313
0.527595674	0.513033732	0.010342625	0.523376357	0.502691107	20.72937868
0.527754632	0.513497002	0.009920474	0.523417477	0.503576528	20.7666676
0.527934194	0.513265367	0.009716486	0.522981853	0.503548881	20.80476948
0.527568103	0.512601279	0.010569106	0.523170385	0.502032173	20.8421051
0.527499025	0.513319326	0.010427312	0.523746638	0.502892014	20.87937012
0.526946404	0.513303973	0.010089218	0.523393191	0.503214755	20.9166964
0.52615888	0.513041408	0.010068881	0.52311029	0.502972527	20.95396975
0.526241793	0.513265367	0.009539521	0.522804888	0.503725846	20.99127978
0.526283199	0.512439178	0.009658123	0.522097302	0.502781055	21.02856792
0.526511235	0.511636131	0.009213156	0.520849287	0.502422975	21.06589472
0.525226332	0.511566707	0.00946275	0.521029457	0.502103958	21.1032431
0.527132934	0.512230684	0.009215472	0.521446156	0.503015213	21.14055632
0.52458393	0.511296466	0.009459335	0.520755801	0.501837131	21.17792473
0.525012231	0.510586095	0.010669671	0.521255766	0.499916424	21.21522168
0.524977692	0.51032353	0.010499469	0.520822999	0.499824061	21.25249772
0.524204003	0.510462489	0.009789348	0.520251838	0.500673141	21.2897848
0.524252377	0.51010736	0.009806118	0.519913477	0.500301242	21.32714408
0.525205628	0.508972324	0.010872776	0.5198451	0.498099548	21.36447032
0.524148761	0.510030148	0.010296009	0.520326156	0.499734139	21.4017529
0.524445775	0.509134535	0.010176907	0.519311442	0.498957628	21.43911862
0.523796405	0.510007006	0.010124227	0.520131234	0.499882779	21.47638867
0.524079683	0.510176895	0.010188373	0.520365268	0.499988521	21.51377048
0.524038177	0.509906653	0.010377176	0.520283829	0.499529477	21.55111572
0.5231333	0.509929795	0.010085471	0.520015266	0.499844324	21.58847115
0.522843154	0.509427918	0.010363992	0.51979191	0.499063926	21.6258267
0.524501017	0.508169276	0.010298	0.518467276	0.497871277	21.66310343
0.52347182	0.507096099	0.010989035	0.518085134	0.496107064	21.70037722
0.523195509	0.508926041	0.010102996	0.519029037	0.498823045	21.73764642
0.522525436	0.506926211	0.010709367	0.517635578	0.496216844	21.77497278
0.52242182	0.506740858	0.010490107	0.517230965	0.496250751	21.8123393
0.522028058	0.506277587	0.010963814	0.517241401	0.495313773	21.84964095
0.522269829	0.506679111	0.010913588	0.517592698	0.495765523	21.88697293
0.522698131	0.50626991	0.011055864	0.517325774	0.495214047	21.92425582
0.52307109	0.507991712	0.010361601	0.518353313	0.49763011	21.96157313
0.523575436	0.508926041	0.009987359	0.5189134	0.498938682	21.99889283
0.521979683	0.505536398	0.011472978	0.517009376	0.49406342	22.03617625
0.521820825	0.505134875	0.01072464	0.515859514	0.494410235	22.07372242
0.521731044	0.505057663	0.010967477	0.51602514	0.494090186	22.11097395
0.520881309	0.506408869	0.010269729	0.516678598	0.496139141	22.14827572
0.521364853	0.506856676	0.010764051	0.517620727	0.496092625	22.18562617
0.52075699	0.505698499	0.010926514	0.516625013	0.494771984	22.22294018
0.521233665	0.506408869	0.010306955	0.516715825	0.496101914	22.26020633
0.521005729	0.507196452	0.010317317	0.517513769	0.496879135	22.29750847
0.520763957	0.506185022	0.010195923	0.516380945	0.495989099	22.33476253
0.51952056	0.505976528	0.010658762	0.51663529	0.495317766	22.37212783
0.518808981	0.504362756	0.010596884	0.514959641	0.493765872	22.40954935
0.519914223	0.504131121	0.010524399	0.51465552	0.493606722	22.44713492
0.517461967	0.503845415	0.010176313	0.514021728	0.493669102	22.48462553
0.520135291	0.504640786	0.01024932	0.514890105	0.494391466	22.5221645
0.519168204	0.505181268	0.010248375	0.515429643	0.494932893	22.56051508
0.518919565	0.50446311	0.01014069	0.514603799	0.49432242	22.5980032
0.518960971	0.504370544	0.010069171	0.514439716	0.494301373	22.63556073
0.517862697	0.504694745	0.010361328	0.515056073	0.494333417	22.6730243
0.517862697	0.502308967	0.011185388	0.513494355	0.491123578	22.710549
0.516695245	0.500231925	0.011779229	0.512011154	0.488452695	22.748097
0.516999227	0.500718337	0.011784683	0.51250302	0.488933654	22.78556188
0.519168204	0.501436496	0.011369847	0.512806342	0.490066649	22.82308633
0.518588012	0.500370884	0.011717328	0.512088212	0.488653556	22.8606717
0.516923182	0.500424954	0.011533563	0.511958517	0.488891391	22.89819533
0.515983766	0.500285995	0.011017795	0.51130379	0.4892682	22.93567313
0.516225537	0.499606554	0.011284063	0.510890617	0.48832249	22.97319728
0.517399857	0.499490736	0.011528591	0.511019327	0.487962145	23.01065152
0.51596993	0.499544695	0.011581716	0.511126411	0.487962979	23.04810843
0.514602213	0.499181889	0.011655052	0.51083694	0.487526837	23.08560778
0.515728159	0.500062036	0.011470038	0.511532074	0.488591999	23.1230395
0.515990634	0.500015754	0.011065739	0.511081493	0.488950015	23.160601
0.515652113	0.500208783	0.010760421	0.510969205	0.489448362	23.19827525
0.515596871	0.500386348	0.010700101	0.51108645	0.489686247	23.23583863
0.515071921	0.500085178	0.011147943	0.511233121	0.488937235	23.2734168
0.515210076	0.498996536	0.011210693	0.510207229	0.487785842	23.31073513
0.514381145	0.496510293	0.012772639	0.509282932	0.483737654	23.34801072
0.514028789	0.497104846	0.011843429	0.508948275	0.485261418	23.38548617
0.512764689	0.497344159	0.011347214	0.508691373	0.485996945	23.42300512
0.513731775	0.497243805	0.011465819	0.508709625	0.485777986	23.46052633
0.513040999	0.497467764	0.011804099	0.509271864	0.485663665	23.49801133
0.513268935	0.497151129	0.011137899	0.508289028	0.48601323	23.53550293
0.513821556	0.497004493	0.011497657	0.50850215	0.485506836	23.57295372
0.513123912	0.49556061	0.012137087	0.507697697	0.483423524	23.6112743
0.512039374	0.496811464	0.011657091	0.508468554	0.485154373	23.64874082
0.513800853	0.495792246	0.012345174	0.50813742	0.483447071	23.68618855
0.512778524	0.496680181	0.011161033	0.507841214	0.485519149	23.72369313
0.513089373	0.49635587	0.011401456	0.507757325	0.484954414	23.7611818
0.51260583	0.494811633	0.012051508	0.506863141	0.482760125	23.7987336
0.512474543	0.494371504	0.012255754	0.506627258	0.48211575	23.83611518
0.511148332	0.49709717	0.011007592	0.508104761	0.486089578	23.87361737
0.511707821	0.495923528	0.011555192	0.50747872	0.484368336	23.91104812
0.510112168	0.496340405	0.011113226	0.507453631	0.485227179	23.94852212
0.509835857	0.494101263	0.011515226	0.505616488	0.482586037	23.98602163
0.510429885	0.494386968	0.011495619	0.505882587	0.48289135	24.02356117
0.511376268	0.493344609	0.011830778	0.505175388	0.481513831	24.06119905
0.510726899	0.492734591	0.012611858	0.50534645	0.480122733	24.09866695
0.510595711	0.493259721	0.012229563	0.505489284	0.481030158	24.13609658
0.509020662	0.492634238	0.012191933	0.504826171	0.480442305	24.17361598
0.509165784	0.491522455	0.012424974	0.503947429	0.479097481	24.21124688
0.510775273	0.49109779	0.012873791	0.503971581	0.478223999	24.24881288
0.509635492	0.491213608	0.012030056	0.503243663	0.479183552	24.28634025
0.509386853	0.490642196	0.012620139	0.503262335	0.478022056	24.32381905
0.50825394	0.491267567	0.012361478	0.503629044	0.478906089	24.3612858
0.508364424	0.491159537	0.011887913	0.50304745	0.479271624	24.39883322
0.508205566	0.492819591	0.011517566	0.504337157	0.481302025	24.43625918
0.50760457	0.492865874	0.011586822	0.504452695	0.481279052	24.4737738
0.507618406	0.491491526	0.011968319	0.503459845	0.479523206	24.51121238
0.506077995	0.490619054	0.012476056	0.50309511	0.478142999	24.54866793
0.507286853	0.490750337	0.012870191	0.503620528	0.477880145	24.5861332
0.507003575	0.489677048	0.012535526	0.502212575	0.477141522	24.62345528
0.507535493	0.489839148	0.012437125	0.502276273	0.477402024	24.66099713
0.507273018	0.49016346	0.012076788	0.502240248	0.478086672	24.69848705
0.507535493	0.489723331	0.012004842	0.501728172	0.477718489	24.73602723
0.506402679	0.488627012	0.012777574	0.501404586	0.475849438	24.77353327
0.505449329	0.490101713	0.01164386	0.501745574	0.478457853	24.81100902
0.506008917	0.489862401	0.011561187	0.501423588	0.478301214	24.84852487
0.505532242	0.489792866	0.011636448	0.501429314	0.478156418	24.88598473
0.505822388	0.489931825	0.011489776	0.501421601	0.478442049	24.92349498
0.506140105	0.487654076	0.012525961	0.500180037	0.475128116	24.960968
0.504744817	0.487630935	0.012150436	0.499781372	0.475480499	24.9984494
0.50550467	0.488348983	0.012085921	0.500434904	0.476263062	25.03591708
0.503743191	0.487576865	0.01206386	0.499640724	0.475513005	25.07348352
0.503515155	0.486256587	0.012482436	0.498739023	0.473774151	25.11105397
0.505000324	0.487198594	0.012172011	0.499370605	0.475026583	25.14849933
0.504406296	0.486951494	0.012208987	0.499160481	0.474742507	25.1859784
0.504585858	0.487955247	0.011917443	0.49987269	0.476037804	25.22351973
0.503984963	0.487553723	0.011797641	0.499351365	0.475756082	25.26101862
0.502133603	0.487685006	0.011970701	0.499655707	0.475714304	25.2984119
0.502023118	0.486789282	0.012595703	0.499384985	0.474193579	25.33591387
0.501615521	0.486071234	0.012123163	0.498194397	0.473948072	25.37324688
0.502845182	0.486457293	0.012016121	0.498473414	0.474441173	25.41074863
0.501125109	0.485028875	0.012366373	0.497395248	0.472662502	25.44825198
0.502561904	0.483067651	0.013500762	0.496568413	0.469566888	25.48573547
0.503494452	0.484388039	0.012679923	0.497067962	0.471708116	25.52323063
0.50238921	0.485731458	0.011745096	0.497476554	0.473986362	25.56069468
0.501366881	0.484310827	0.012626392	0.49693722	0.471684435	25.5981684
0.500917876	0.483615921	0.012549275	0.496165196	0.471066646	25.63566202
0.500061274	0.484519322	0.012241717	0.496761038	0.472277605	25.67319323
0.499729721	0.483693133	0.012565887	0.49625902	0.471127246	25.71071862
0.499653776	0.482565774	0.012909902	0.495475676	0.469655871	25.74818768
0.499577731	0.483924768	0.012505243	0.496430011	0.471419525	25.7856586
0.500344552	0.48224925	0.012658688	0.494907938	0.469590562	25.82312483
0.500006032	0.481909473	0.012834387	0.494743861	0.469075086	25.86072237
0.499315256	0.482141109	0.012497753	0.494638862	0.469643356	25.89826633
0.498279091	0.481963544	0.012435835	0.494399379	0.469527709	25.93576032
0.500303046	0.481832262	0.013138289	0.49497055	0.468693973	25.97324512
0.498334333	0.481322708	0.012194937	0.493517645	0.469127771	26.01072912
0.49831363	0.480689549	0.012496507	0.493186056	0.468193042	26.04817742
0.499018242	0.480427096	0.012468016	0.492895112	0.467959079	26.08564495
0.498410379	0.48145399	0.012131215	0.493585206	0.469322775	26.12309878
0.498631347	0.480311278	0.012608122	0.4929194	0.467703156	26.16062593
0.498755767	0.481052467	0.012103285	0.493155752	0.468949182	26.1981543
0.498258388	0.479971501	0.012214135	0.492185636	0.467757367	26.23561648
0.498617611	0.480203137	0.012277509	0.492480646	0.467925628	26.2731098
0.497622854	0.481685626	0.01177153	0.493457156	0.469914095	26.31058627
0.498161639	0.479485089	0.012325331	0.491810421	0.467159758	26.34808678
0.496690306	0.480419308	0.011796606	0.492215914	0.468622702	26.38565227
0.495716351	0.478512154	0.012661804	0.491173958	0.465850349	26.42313333
0.495163631	0.478427265	0.013600881	0.492028146	0.464826384	26.46061657
0.494493657	0.47945416	0.012795823	0.492249983	0.466658337	26.49812498
0.494631813	0.478643436	0.012760744	0.491404181	0.465882692	26.53557257
0.493802881	0.477400371	0.013315113	0.490715484	0.464085257	26.57316678
0.495343292	0.476736282	0.013201863	0.489938146	0.463534419	26.6106826
0.495433073	0.478288306	0.012329318	0.490617625	0.465958988	26.64825103
0.495446909	0.477353977	0.012602215	0.489956192	0.464751761	26.68578422
0.493367613	0.476975706	0.012591627	0.489567332	0.464384079	26.72323162
0.494072224	0.47600277	0.013439608	0.489442378	0.462563162	26.76082875
0.494224215	0.478380983	0.012349753	0.490730736	0.46603123	26.79833157
0.49377521	0.476203587	0.013145659	0.489349246	0.463057928	26.83574963
0.493630187	0.475338793	0.013557577	0.48889637	0.461781216	26.87324042
0.492096644	0.475222975	0.013043441	0.488266416	0.462179534	26.91080162
0.493609384	0.475747993	0.012816793	0.488564787	0.4629312	26.9483311
0.4924489	0.475539499	0.013595868	0.489135367	0.461943631	26.98582858
0.493754507	0.47509937	0.01349262	0.48859199	0.46160675	27.02329408
0.492814992	0.476172658	0.012056591	0.488229249	0.464116068	27.06092472
