avg	smoch	horni	spodni	time
30.24277253	0.135723656	30.37849619	30.10704888	0
30.30987008	0.064979733	30.37484981	30.24489035	0.03735045
30.20148213	0.124193848	30.32567598	30.07728828	0.074648267
30.27890198	0.09145935	30.37036133	30.18744263	0.11195375
30.17309471	0.115813901	30.28890861	30.0572808	0.1493437
30.28922468	0.157694726	30.44691941	30.13152996	0.186782683
30.20664309	0.100414453	30.30705754	30.10622863	0.224423183
30.21954685	0.168317792	30.38786465	30.05122906	0.26195065
30.28664361	0.157399303	30.44404292	30.12924431	0.299426617
30.29696671	0.179425296	30.476392	30.11754141	0.33692455
30.35374116	0.097040837	30.450782	30.25670032	0.374420433
30.41567696	0.107027077	30.52270404	30.30864989	0.411949567
30.47245142	0.136701827	30.60915324	30.33574959	0.449408233
30.45438669	0.13921205	30.59359874	30.31517464	0.486957233
30.46987074	0.178495238	30.64836598	30.2913755	0.52433085
30.44148332	0.14689369	30.58837701	30.29458963	0.561862133
30.51890356	0.199229882	30.71813345	30.31967368	0.599314533
30.58600072	0.167524716	30.75352543	30.418476	0.63691075
30.58341965	0.114542433	30.69796208	30.46887722	0.674427617
30.6711622	0.18255363	30.85371583	30.48860857	0.711946667
30.70471097	0.118429663	30.82314064	30.58628131	0.749482983
30.66858192	0.103741845	30.77232376	30.56484007	0.787039367
30.72793665	0.125739224	30.85367588	30.60219743	0.824501533
30.66083989	0.118823194	30.77966309	30.5420167	0.86209575
30.59890409	0.144471062	30.74337515	30.45443303	0.8995653
30.74858166	0.147662371	30.89624403	30.60091929	0.937146167
30.70987272	0.141678815	30.85155153	30.5681939	0.974656833
30.8053569	0.181272091	30.98662899	30.62408481	1.012224017
30.7434211	0.208635408	30.95205651	30.53478569	1.049747333
30.79761488	0.276456152	31.07407103	30.52115872	1.087260933
30.82084095	0.175902044	30.99674299	30.64493891	1.1246129
30.7537438	0.231023737	30.98476753	30.52272006	1.161955583
30.8466477	0.216160542	31.06280824	30.63048716	1.1992657
30.90342215	0.181639145	31.0850613	30.72178301	1.236551667
30.95761593	0.333095666	31.2907116	30.62452026	1.2738897
30.93438986	0.202445964	31.13683582	30.73194389	1.3111287
30.89309945	0.238344518	31.13144397	30.65475493	1.3484834
30.9601966	0.285673642	31.24587025	30.67452296	1.385904033
31.03761646	0.305718398	31.34333485	30.73189806	1.42325545
31.05310011	0.267518883	31.320619	30.78558123	1.4605374
31.17697251	0.296158391	31.4731309	30.88081411	1.497780617
31.19761791	0.286162719	31.48378062	30.91145519	1.535064067
31.25955371	0.384735011	31.64428872	30.8748187	1.572411433
31.24148898	0.300622248	31.54211123	30.94086674	1.609657783
31.33181221	0.342168625	31.67398084	30.98964359	1.646941
31.34987615	0.331953705	31.68182985	31.01792244	1.6842266
31.36277992	0.376687858	31.73946777	30.98609206	1.721514383
31.47374854	0.408609294	31.88235784	31.06513925	1.758776767
31.55374868	0.477902983	32.03165166	31.07584569	1.796065917
31.59762015	0.490774258	32.08839441	31.10684589	1.833424917
31.60278111	0.577457331	32.18023844	31.02532377	1.870804883
31.73955648	0.598946765	32.33850324	31.14060971	1.908216933
31.77826621	0.507124512	32.28539072	31.2711417	1.945452267
31.95117064	0.623484905	32.57465554	31.32768573	1.982796267
32.08278466	0.657101257	32.73988592	31.4256834	2.02019685
32.14730114	0.777820135	32.92512128	31.36948101	2.057463267
32.18601126	0.805580245	32.99159151	31.38043102	2.094789083
32.35375356	0.878387668	33.23214122	31.47536589	2.1320779
32.31762489	0.82632007	33.14394496	31.49130482	2.169298183
32.52149664	0.854483607	33.37598024	31.66701303	2.207395817
32.63246565	0.916749358	33.54921501	31.7157163	2.24473985
32.87762701	1.050408144	33.92803516	31.82721887	2.28205195
32.99633806	1.113189799	34.10952786	31.88314826	2.319376667
33.1769853	1.083386001	34.2603713	32.0935993	2.356752017
33.29311488	1.265261007	34.55837589	32.02785387	2.3941242
33.36021242	1.289695592	34.64990802	32.07051683	2.431412317
33.55634175	1.36644976	34.92279151	32.18989199	2.468927
33.68021335	1.473193196	35.15340655	32.20702016	2.50622395
33.88666695	1.455524948	35.3421919	32.431142	2.54353745
34.0363457	1.5374685	35.5738142	32.4988772	2.58083905
34.13699084	1.651877481	35.78886832	32.48511336	2.6181017
34.42860592	1.755115384	36.1837213	32.67349053	2.655513417
34.60409141	1.861418404	36.46550982	32.74267301	2.692875183
34.7718341	1.913322693	36.68515679	32.85851141	2.7301796
34.99377096	2.024091051	37.01786201	32.96967991	2.76748
35.2389335	2.064390379	37.30332388	33.17454312	2.804718667
35.41441821	2.094928408	37.50934662	33.3194898	2.842042133
35.69054884	2.314975595	38.00552444	33.37557325	2.879379783
35.91506756	2.343226549	38.2582941	33.57184101	2.916695033
36.11119727	2.503009644	38.61420692	33.60818763	2.953912233
36.36152077	2.498667137	38.8601879	33.86285363	2.991261033
36.54732857	2.639884277	39.18721285	33.90744429	3.028656783
36.93184755	2.763320917	39.69516847	34.16852663	3.065959667
37.1228167	2.807794378	39.93061108	34.31502233	3.103229133
37.4453987	2.857801113	40.30319982	34.58759759	3.140586167
37.65701247	3.069158933	40.7261714	34.58785353	3.178118283
38.01830616	3.202511221	41.22081738	34.81579494	3.2154427
38.32024355	3.320877179	41.64112073	34.99936637	3.25269805
38.5525035	3.415986184	41.96848968	35.13651731	3.289962767
38.9576663	3.490950099	42.4486164	35.4667162	3.327311417
39.21315233	3.615132275	42.8282846	35.59802005	3.36469555
39.55121837	3.736696461	43.28791484	35.81452191	3.401989867
39.87380195	3.842863627	43.71666557	36.03093832	3.439412383
40.25832014	3.966884585	44.22520472	36.29143555	3.47674625
40.43380446	4.085193655	44.51899811	36.3486108	3.514055183
40.85187221	4.194392771	45.04626498	36.65747944	3.551292767
41.18993983	4.262054479	45.45199431	36.92788535	3.588630917
41.51768318	4.382967452	45.90065063	37.13471573	3.625936583
41.7731692	4.547016147	46.32018535	37.22615306	3.663252783
42.1267193	4.642807717	46.76952702	37.48391158	3.700558167
42.53962492	4.680857516	47.22048243	37.8587674	3.737825917
42.9034985	4.823036607	47.7265351	38.08046189	3.775135533
43.21059802	4.897376769	48.10797479	38.31322125	3.812423117
43.53575991	4.995666127	48.53142603	38.54009378	3.8497896
43.88156955	5.090799593	48.97236914	38.79076996	3.887098133
44.18092547	5.142464891	49.32339036	39.03846058	3.9243657
44.60415379	5.348209379	49.95236317	39.25594441	3.9625319
44.8699633	5.378017257	50.24798056	39.49194604	3.999797633
45.35254635	5.587878144	50.9404245	39.76466821	4.037175217
45.54867686	5.595726708	51.14440356	39.95295015	4.074403733
45.89448571	5.657400387	51.5518861	40.23708533	4.111788183
46.26868278	5.785919919	52.0546027	40.48276286	4.149065317
46.59384467	5.881704331	52.475549	40.71214034	4.186283733
46.84932991	5.965330134	52.81466004	40.88399977	4.223626467
47.22610765	6.027877822	53.25398547	41.19822983	4.260886917
47.53062492	6.093148031	53.62377295	41.43747689	4.298411
47.92804728	6.138213948	54.06626123	41.78983333	4.33566355
48.29192007	6.243382301	54.53530237	42.04853777	4.372932583
48.49063125	6.235065651	54.7256969	42.2555656	4.41022015
48.93708643	6.365058148	55.30214458	42.57202828	4.447532317
49.15902211	6.422902732	55.58192484	42.73611937	4.484867717
49.50483254	6.499789438	56.00462198	43.0050431	4.5222186
49.80418925	6.614587409	56.41877666	43.18960184	4.5596172
50.14483518	6.683526549	56.82836173	43.46130863	4.59696125
50.43386998	6.682632255	57.11650224	43.75123772	4.634193267
50.77451827	6.744895938	57.51941421	44.02962234	4.6714449
51.08935746	6.858133486	57.94749095	44.23122398	4.70879275
51.37581237	6.785967098	58.16177947	44.58984527	4.746174
51.73968517	6.910300884	58.64998605	44.82938428	4.783559033
51.97710568	6.894267656	58.87137334	45.08283802	4.820834233
52.28936576	6.925182977	59.21454874	45.36418279	4.858301183
52.55259303	6.904459027	59.45705205	45.648134	4.895633583
52.95775741	7.118081985	60.07583939	45.83967542	4.932948017
53.18227455	7.119337307	60.30161185	46.06293724	4.970315467
53.51001947	7.092974032	60.6029935	46.41704543	5.007618433
53.81195607	7.178018942	60.98997501	46.63393712	5.04502905
54.0984094	7.205288576	61.30369798	46.89312083	5.082275567
54.41067027	7.143083334	61.55375361	47.26758694	5.119536717
54.74357576	7.287478892	62.03105465	47.45609686	5.1569261
54.94744907	7.252011667	62.19946074	47.6954374	5.19417845
55.2261596	7.357405363	62.58356496	47.86875423	5.231435667
55.53583901	7.288291956	62.82413096	48.24754705	5.2687487
55.82745369	7.325411074	63.15286476	48.50204262	5.30610475
56.11390624	7.304515568	63.41842181	48.80939067	5.343364283
56.32810225	7.317759382	63.64586164	49.01034287	5.38074555
56.6558456	7.332826772	63.98867237	49.32301883	5.418125483
56.98100906	7.359441281	64.34045034	49.62156778	5.45538365
57.16681765	7.463676098	64.63049375	49.70314155	5.492740283
57.51520561	7.436639899	64.95184551	50.07856571	5.5302072
57.78617568	7.399335993	65.18551168	50.38683969	5.5675095
58.10617779	7.470485345	65.57666314	50.63569245	5.60481995
58.30746964	7.485417559	65.7928872	50.82205209	5.642121867
58.55521286	7.46648019	66.02169305	51.08873267	5.679388567
58.89585958	7.577133503	66.47299308	51.31872608	5.717489767
59.12295818	7.552310723	66.6752689	51.57064746	5.75481455
59.30360621	7.542358479	66.84596469	51.76124773	5.7921777
59.64167225	7.549148312	67.19082057	52.09252394	5.82947265
59.94877099	7.512096181	67.46086717	52.43667481	5.867079733
60.20941758	7.543567686	67.75298526	52.66584989	5.904332367
60.39780684	7.58853464	67.98634148	52.8092722	5.9415757
60.63006679	7.557417028	68.18748382	53.07264976	5.978920483
60.96039081	7.604073248	68.56446406	53.35631757	6.016216033
61.14361794	7.69621631	68.83983425	53.44740163	6.05357105
61.44555611	7.579709324	69.02526544	53.86584679	6.091080383
61.69846068	7.593667917	69.29212859	54.10479276	6.12844875
62.04685021	7.543709773	69.59055998	54.50314044	6.165767733
62.2971741	7.568043877	69.86521798	54.72913022	6.20300755
62.47265842	7.583742995	70.05640141	54.88891542	6.240304983
62.66104611	7.628131168	70.28917727	55.03291494	6.277606917
63.07395251	7.64369962	70.71765213	55.43025289	6.314835633
63.32943696	7.623849331	70.95328629	55.70558763	6.35221725
63.53589017	7.700446151	71.23633632	55.83544401	6.389487117
63.75524753	7.6839027	71.43915023	56.07134483	6.426855083
64.02879828	7.660563295	71.68936157	56.36823498	6.46413785
64.27912059	7.600165912	71.8792865	56.67895468	6.50140325
64.50622077	7.693559311	72.19978008	56.81266145	6.5388053
64.70493037	7.691988568	72.39691894	57.0129418	6.576159983
64.98364247	7.676342666	72.65998513	57.3072998	6.613560133
65.22106298	7.696589681	72.91765266	57.5244733	6.651106983
65.42493394	7.666060042	73.09099398	57.75887389	6.688550867
65.67783929	7.704294221	73.38213351	57.97354506	6.725829217
65.89977654	7.576937111	73.47671365	58.32283943	6.76312385
66.09332715	7.60638777	73.69971492	58.48693938	6.800457583
66.42365117	7.597275404	74.02092658	58.82637577	6.837903717
66.57333032	7.681166545	74.25449686	58.89216377	6.875182767
66.75139531	7.615672768	74.36706807	59.13572254	6.912540983
66.98107458	7.632448315	74.6135229	59.34862627	6.94985575
67.20559094	7.643365765	74.8489567	59.56222517	6.987239617
67.4584955	7.616976024	75.07547152	59.84151948	7.024561417
67.59527205	7.60922764	75.20449969	59.98604441	7.061929167
67.80430593	7.56898253	75.37328846	60.2353234	7.09922085
68.08817781	7.556212307	75.64439011	60.5319655	7.136546383
68.24301908	7.590193563	75.83321265	60.65282552	7.173844417
68.50882466	7.618762954	76.12758761	60.89006171	7.211164317
68.62753728	7.574191713	76.20172899	61.05334556	7.2485332
68.87011835	7.578315768	76.44843412	61.29180259	7.285805283
69.06108751	7.531806107	76.59289361	61.5292814	7.32309745
69.19270193	7.566758981	76.75946091	61.62594294	7.360366033
69.43012323	7.496764453	76.92688768	61.93335877	7.397716433
69.60818822	7.547566859	77.15575508	62.06062136	7.435084533
69.84818941	7.580202697	77.4283921	62.26798671	7.472752933
69.96689966	7.482539661	77.44943932	62.48436	7.510125067
70.09851408	7.4974894	77.59600348	62.60102468	7.547415217
70.40302978	7.524758532	77.92778831	62.87827125	7.584695767
70.51658026	7.46483028	77.98141054	63.05174998	7.622049117
70.71013009	7.42958212	78.13971221	63.28054797	7.6594717
70.9140034	7.383032559	78.29703596	63.53097084	7.696921117
71.05593895	7.42089732	78.47683627	63.63504163	7.734199333
71.29594092	7.444394476	78.7403354	63.85154645	7.77149855
71.4559404	7.400807217	78.85674762	64.05513319	7.8088089
71.63400776	7.421789276	79.05579703	64.21221848	7.8461576
71.79917016	7.447105318	79.24627548	64.35206484	7.883469317
71.94626784	7.40546848	79.35173632	64.54079936	7.9207997
72.14755733	7.366346094	79.51390343	64.78121124	7.95812425
72.29981715	7.295049677	79.59486683	65.00476747	7.99570065
72.50885103	7.35596038	79.86481141	65.15289065	8.03302805
72.73336817	7.390190615	80.12355878	65.34317755	8.070347533
72.8107892	7.364578481	80.17536768	65.44621072	8.10768125
73.06885511	7.334340087	80.4031952	65.73451503	8.144954483
73.21337133	7.288843598	80.50221493	65.92452773	8.182279267
73.2753091	7.318032357	80.59334146	65.95727674	8.219603633
73.45337331	7.30421685	80.75759016	66.14915646	8.256950583
73.71660214	7.292718841	81.00932098	66.4238833	8.294255483
73.79402081	7.214236773	81.00825759	66.57978404	8.331588583
74.02370009	7.221821201	81.24552129	66.80187889	8.368840233
74.10628011	7.197886394	81.30416651	66.90839372	8.4061855
74.31015107	7.213428129	81.5235792	67.09672294	8.44368135
74.46241167	7.214639743	81.67705141	67.24777193	8.48097095
74.60950935	7.196256668	81.80576602	67.41325268	8.518291817
74.74370287	7.170249765	81.91395263	67.57345311	8.555620233
75.01209306	7.166856318	82.17894937	67.84523674	8.592918233
75.00435182	7.167305101	82.17165692	67.83704672	8.63025315
75.27016054	7.135711202	82.40587174	68.13444934	8.667467683
75.3811272	7.12804294	82.50917014	68.25308426	8.704780817
75.54113061	7.143160122	82.68429074	68.39797049	8.742150517
75.70112931	7.104907929	82.80603724	68.59622138	8.779478933
75.86887239	7.03648687	82.90535926	68.83238552	8.816779367
75.96951949	7.073200073	83.04271957	68.89631942	8.8541053
76.11919706	6.991153993	83.11035106	69.12804307	8.89144015
76.29984273	7.054496862	83.35433959	69.24534587	8.928724267
76.45210176	6.976720423	83.42882218	69.47538134	8.966056333
76.53210347	6.950574778	83.48267825	69.58152869	9.003341433
76.76694409	6.945468395	83.71241249	69.8214757	9.040659117
76.89597626	6.918027579	83.81400384	69.97794868	9.0780736
77.09468901	6.904234686	83.9989237	70.19045433	9.115389833
77.22372276	6.836087788	84.05981054	70.38763497	9.1526755
77.35533324	6.94227353	84.29760677	70.41305971	9.190092017
77.43275349	6.837683448	84.27043694	70.59507004	9.2274371
77.59791511	6.802490642	84.40040575	70.79542446	9.264758133
77.73469009	6.812758968	84.54744905	70.92193112	9.302036367
77.93340126	6.786259345	84.71966061	71.14714192	9.339337283
78.01856275	6.653751484	84.67231423	71.36481126	9.376655083
78.19662853	6.75538775	84.95201628	71.44124078	9.41389385
78.32050249	6.700179161	85.02068165	71.62032333	9.4511711
78.49856827	6.738347099	85.23691537	71.76022117	9.488529633
78.61211639	6.758005421	85.37012181	71.85411097	9.525798733
78.73856867	6.593663767	85.33223244	72.14490491	9.563184183
78.91405299	6.648065143	85.56211813	72.26598785	9.600434867
78.99663459	6.623527973	85.62016256	72.37310661	9.6376496
79.04566819	6.622948315	85.66861651	72.42271988	9.674894383
79.29082995	6.605608908	85.89643886	72.68522104	9.712212117
79.37599143	6.552221241	85.92821267	72.82377019	9.749551267
79.57212272	6.596192204	86.16831492	72.97593052	9.786821733
79.59792947	6.561148145	86.15907761	73.03678132	9.8241162
79.75792974	6.474134557	86.23206429	73.28379518	9.861467567
79.90244753	6.515842658	86.41829019	73.38660487	9.89881595
80.04438386	6.488920427	86.53330429	73.55546343	9.936165583
80.12180253	6.538752923	86.66055545	73.58304961	9.973507033
80.20438413	6.419104646	86.62348877	73.78527948	10.01076843
80.35664316	6.471363293	86.82800645	73.88527986	10.04802658
80.48051398	6.320900057	86.80141403	74.15961392	10.08541043
80.58632243	6.395874976	86.98219741	74.19044746	10.12265723
80.79535631	6.378074519	87.17343083	74.41728179	10.15997513
80.8082589	6.346368801	87.1546277	74.4618901	10.1972958
80.96567928	6.256240682	87.22191996	74.7094386	10.23464647
81.04826245	6.310273637	87.35853608	74.73798881	10.27193953
81.2521334	6.241987374	87.49412077	75.01014603	10.3092082
81.26761588	6.204121973	87.47173785	75.0634939	10.34650782
81.46116728	6.201417633	87.66258491	75.25974964	10.38379402
81.52310347	6.245614371	87.76871784	75.2774891	10.42113587
81.6263289	6.210346409	87.8366753	75.41598249	10.45845852
81.78374927	6.163557	87.94730628	75.62019227	10.49584043
81.84052255	6.257871052	88.0983936	75.5826515	10.53309537
81.98504034	6.117969831	88.10301017	75.86707051	10.57039703
82.0598807	6.149061069	88.20894177	75.91081963	10.60768632
82.18891287	6.063536958	88.25244983	76.12537591	10.64495988
82.31278526	6.122932293	88.43571755	76.18985297	10.68244688
82.48568969	6.047633004	88.53332269	76.43805669	10.71979332
82.50117374	6.053770306	88.55494405	76.44740343	10.75712408
82.68956222	5.988510217	88.67807243	76.701052	10.79442322
82.71794885	6.012929895	88.73087875	76.70501896	10.83166238
82.85472384	6.017831828	88.87255566	76.83689201	10.86906548
82.99924005	5.971079742	88.9703198	77.02816031	10.90639077
83.05085355	6.037779929	89.08863348	77.01307362	10.94376937
83.23408225	6.009566177	89.24364843	77.22451608	10.98114793
83.27537148	5.958055562	89.23342704	77.31731592	11.01846407
83.36311442	5.862440637	89.22555506	77.50067379	11.05575655
83.51279356	5.959255553	89.47204912	77.55353801	11.09305928
83.57730965	5.954570049	89.5318797	77.6227396	11.13060983
83.69601912	5.828946424	89.52496554	77.8670727	11.1681184
83.75021251	5.894123488	89.64433599	77.85608902	11.20556003
83.93344121	5.798716625	89.73215783	78.13472458	11.24308427
83.94634537	5.834980776	89.78132614	78.11136459	11.28065627
84.18376588	5.820620363	90.00438624	78.36314552	11.31812997
84.16828026	5.806273576	89.97455384	78.36200668	11.3556686
84.20182825	5.71921625	89.9210445	78.482612	11.39318288
84.38763526	5.772182374	90.15981764	78.61545289	11.43061685
84.41602505	5.81873736	90.23476241	78.59728769	11.4680206
84.61731611	5.722244325	90.33956044	78.89507179	11.50557212
84.63538162	5.71706617	90.35244779	78.91831545	11.54305247
84.7024776	5.646882982	90.34936058	79.05559461	11.58052872
84.87022067	5.712020529	90.5822412	79.15820015	11.61795182
84.88828618	5.677399395	90.56568558	79.21088679	11.65548248
85.0328024	5.610761083	90.64356349	79.42204132	11.69294432
85.07667466	5.587144283	90.66381895	79.48953038	11.7305351
85.23409504	5.714737928	90.94883297	79.51935711	11.76800963
85.32441788	5.575379981	90.89979786	79.74903789	11.8055381
85.38893396	5.584926411	90.97386037	79.80400755	11.84296272
85.50248523	5.562581736	91.06506696	79.93990349	11.88049015
85.51796613	5.503909089	91.02187522	80.01405704	11.91798228
85.6676437	5.503063119	91.17070682	80.16458058	11.95557462
85.76829081	5.516724277	91.28501508	80.25156653	11.99296197
85.84313116	5.468065706	91.31119687	80.37506546	12.03129695
85.85087397	5.436213782	91.28708776	80.41466019	12.0688429
86.06764752	5.523856364	91.59150388	80.54379115	12.10646952
86.152809	5.469466534	91.62227553	80.68334247	12.14399442
86.18893687	5.410992775	91.59992965	80.7779441	12.18149702
86.21990655	5.41286778	91.63277433	80.80703877	12.21895043
86.40829502	5.367867016	91.77616204	81.04042801	12.2565357
86.43410177	5.44183637	91.87593814	80.9922654	12.29404053
86.55539113	5.36334764	91.91873877	81.19204349	12.3314471
86.648297	5.389964369	92.03826137	81.25833263	12.36874995
86.69475072	5.349068214	92.04381893	81.34568251	12.40606315
86.78765187	5.267302485	92.05495435	81.52034938	12.44337687
86.87539639	5.37102883	92.24642522	81.50436756	12.48065892
86.96313776	5.30578497	92.26892273	81.65735279	12.51785388
87.00701002	5.231095355	92.23810537	81.77591466	12.55514628
87.13087927	5.255145975	92.38602524	81.87573329	12.59247275
87.22378356	5.209055814	92.43283937	82.01472775	12.629808
87.34507449	5.275153433	92.62022793	82.06992106	12.66709558
87.36572146	5.236953854	92.60267532	82.12876761	12.70437728
87.50249487	5.249217061	92.75171193	82.25327781	12.74165622
87.51539903	5.215296004	92.73069504	82.30010303	12.77899647
87.64959255	5.172746472	92.82233902	82.47684608	12.8162941
87.71410864	5.184128511	92.89823715	82.52998013	12.85363022
87.78636596	5.215187532	93.00155349	82.57117843	12.89094685
87.91798116	5.125368819	93.04334998	82.79261235	12.92825205
87.90507858	5.141023152	93.04610173	82.76405542	12.96555552
88.05475615	5.160692873	93.21544902	82.89406327	13.00284362
88.16830741	5.151711413	93.32001883	83.016596	13.04019522
88.22249922	5.075899133	93.29839836	83.14660009	13.07753248
88.26120856	5.001978336	93.2631869	83.25923022	13.11488965
88.37733972	5.07286739	93.45020711	83.30447233	13.15220613
88.4418558	5.097525597	93.5393814	83.3443302	13.18952473
88.54766426	5.046096251	93.59376051	83.50156801	13.22688077
88.55798696	5.041194769	93.59918173	83.51679219	13.26413583
88.64830979	5.068336656	93.71664645	83.57997313	13.30140187
88.70508306	4.98314026	93.68822332	83.7219428	13.33874508
88.79540904	4.982539085	93.77794813	83.81286996	13.37598205
88.93992369	4.968686713	93.9086104	83.97123698	13.41326675
89.00959955	4.970531801	93.98013135	84.03906775	13.45059357
89.03798776	4.901568243	93.939556	84.13641952	13.48787113
89.13089206	4.877426862	94.00831892	84.25346519	13.52524027
89.17476274	4.82365975	93.99842249	84.35110299	13.56260403
89.25734434	4.928714073	94.18605841	84.32863026	13.59990682
89.36315279	4.877427769	94.24058056	84.48572502	13.6372177
89.38895954	4.849869782	94.23882932	84.53908976	13.67474215
89.44573439	4.841043582	94.28677797	84.60469081	13.71206387
89.51541182	4.85083673	94.36624855	84.66457509	13.74934408
89.67283378	4.829943224	94.502777	84.84289055	13.78758083
89.62121871	4.825613281	94.44683199	84.79560542	13.82487548
89.81992674	4.726539314	94.54646605	85.09338742	13.86215968
89.8534763	4.776809511	94.63028581	85.07666679	13.8994903
89.85347787	4.780049064	94.63352693	85.07342881	13.936756
89.9489652	4.64398278	94.59294798	85.30498242	13.97407693
90.07799737	4.783466351	94.86146372	85.29453102	14.01130623
90.08573861	4.655278865	94.74101747	85.43045974	14.04864182
90.26122135	4.713935201	94.97515655	85.54728615	14.08594305
90.2663827	4.689256807	94.95563951	85.57712589	14.12326165
90.32315755	4.646912241	94.97006979	85.67624531	14.16054247
90.39283813	4.616351308	95.00918944	85.77648682	14.19779628
90.55799817	4.723943113	95.28194129	85.83405506	14.23509488
90.53219142	4.607135509	95.13932693	85.92505592	14.2723492
90.60703178	4.571971616	95.1790034	86.03506017	14.30961713
90.60961167	4.590814427	95.2004261	86.01879724	14.34690447
90.7721934	4.507822089	95.28001549	86.26437131	14.38420827
90.75671092	4.496388752	95.25309968	86.26032217	14.421447
90.94251637	4.546253428	95.4887698	86.39626294	14.45872103
91.00187268	4.514119434	95.51599211	86.48775324	14.4960466
91.02509796	4.501840687	95.52693865	86.52325728	14.53333665
91.09219708	4.433922709	95.52611979	86.65827437	14.57061683
91.14380743	4.433080237	95.57688767	86.7107272	14.60795372
91.17219407	4.437782771	95.60997684	86.7344113	14.6452176
91.29090669	4.341078678	95.63198536	86.94982801	14.68251423
91.38639087	4.426955791	95.81334666	86.95943508	14.71976833
91.40961616	4.359309863	95.76892602	87.05030629	14.7571188
91.45864977	4.343049924	95.80169969	87.11559984	14.79442723
91.52574574	4.32358303	95.84932877	87.20216271	14.83174518
91.5799407	4.335099923	95.91504062	87.24484078	14.86902837
91.7580049	4.293658516	96.05166342	87.46434639	14.90639505
91.7734921	4.318570185	96.09206228	87.45492191	14.94374648
91.8251056	4.238571432	96.06367703	87.58653416	14.98099633
91.87929898	4.234830709	96.11412969	87.64446827	15.01824452
91.94639495	4.233965028	96.18035998	87.71242993	15.0556352
91.98768418	4.179504335	96.16718851	87.80817984	15.09292902
92.02381363	4.187999016	96.21181264	87.83581461	15.13033483
92.10381376	4.206617094	96.31043086	87.89719667	15.16764955
92.21736345	4.238610246	96.4559737	87.97875321	15.2049336
92.28962235	4.200007771	96.48963012	88.08961458	15.2422601
92.32317191	4.164619011	96.48779092	88.1585529	15.27950173
92.35414001	4.103060591	96.4572006	88.25107942	15.31683212
92.3567199	4.074240531	96.43096043	88.28247937	15.35412807
92.50123769	4.106097565	96.60733525	88.39514012	15.39140743
92.56059085	4.014041152	96.574632	88.5465497	15.4287404
92.57349659	4.064181051	96.63767764	88.50931553	15.46595072
92.58381771	4.076693825	96.66051154	88.50712389	15.50323145
92.61220592	3.88038886	96.49259478	88.73181706	15.54141727
92.77736754	4.017858096	96.79522563	88.75950944	15.5787697
92.82898104	3.957853656	96.78683469	88.87112738	15.61605457
92.90639971	3.894328078	96.80072779	89.01207163	15.6532824
92.88317442	3.891943843	96.77511826	88.99123058	15.69064447
93.04833919	3.882441757	96.93078094	89.16589743	15.7279812
93.15930585	3.90760694	97.06691279	89.2516989	15.76521587
93.17220843	3.900673808	97.07288224	89.27153462	15.80246392
93.20059664	3.805766808	97.00636345	89.39482984	15.8397358
93.18253271	3.836825302	97.01935801	89.3457074	15.87709423
93.24446733	3.800626199	97.04509353	89.44384113	15.91433423
93.37350265	3.760062881	97.13356553	89.61343976	15.95163842
93.36059848	3.780430927	97.14102941	89.58016756	15.98904537
93.36317837	3.765046589	97.12822496	89.59813178	16.02634572
93.4586657	3.671768761	97.13043446	89.78689694	16.06371585
93.49479358	3.644663168	97.13945674	89.85013041	16.10099555
93.62640564	3.778589382	97.40499502	89.84781625	16.13836132
93.70124442	3.68086493	97.38210935	90.02037949	16.1757471
93.69608464	3.627123615	97.32320826	90.06896103	16.21308595
93.71156712	3.607537161	97.31910428	90.10402996	16.25031212
93.77866624	3.578239933	97.35690617	90.20042631	16.28759895
93.85350345	3.543987838	97.39749129	90.30951561	16.3248332
93.90769683	3.60048709	97.50818392	90.30720975	16.36212583
93.95415056	3.499660783	97.45381134	90.45448977	16.39947403
93.95931191	3.505319535	97.46463144	90.45399237	16.4367115
93.97479438	3.504748358	97.47954274	90.47004602	16.4740805
94.01350529	3.402165892	97.41567118	90.6113394	16.51141707
94.10640959	3.417873227	97.52428281	90.68853636	16.54869757
94.10640959	3.425941247	97.53235083	90.68046834	16.58602013
94.16318286	3.334287278	97.49747014	90.82889558	16.6233713
94.28963671	3.389357358	97.67899407	90.90027936	16.66068112
94.2818939	3.413725552	97.69561946	90.86816835	16.69793908
94.40060337	3.345609218	97.74621259	91.05499415	16.73522788
94.42382866	3.357613254	97.78144191	91.06621541	16.77252575
94.42641169	3.277777627	97.70418932	91.14863407	16.80981488
94.51415307	3.238073492	97.75222656	91.27607958	16.84708502
94.52447577	3.272524728	97.79700049	91.25195104	16.88439947
94.53995824	3.247602608	97.78756085	91.29235563	16.92168053
94.67415491	3.163359031	97.83751394	91.51079588	16.95904983
94.6664121	3.139707028	97.80611912	91.52670507	16.99636562
94.71544571	3.173830351	97.88927606	91.54161535	17.03364378
94.75673493	3.038749448	97.79548438	91.71798548	17.07094697
94.82125102	3.040775659	97.86202667	91.78047536	17.10827637
94.84189641	3.086755455	97.92865187	91.75514096	17.14563758
94.97093173	3.138799906	98.10973164	91.83213182	17.18292787
94.96060746	3.059542456	98.02014991	91.901065	17.22024733
94.99673533	3.078307933	98.07504327	91.9184274	17.25759183
95.06125142	2.98006651	98.04131793	92.08118491	17.29573473
95.09222109	2.947140196	98.03936129	92.14508089	17.3330373
95.0999639	2.986083487	98.08604739	92.11388041	17.3703606
95.12318919	3.00175727	98.12494646	92.12143192	17.40765985
95.24964147	2.92867689	98.17831836	92.32096458	17.44492762
95.28060957	2.871766363	98.15237593	92.4088432	17.48221765
95.26254406	2.941440221	98.20398428	92.32110384	17.51951982
95.31157767	2.809231068	98.12080873	92.5023466	17.55683665
95.31932048	2.826418662	98.14573914	92.49290181	17.5941334
95.33480295	2.874426974	98.20922993	92.46037598	17.63140312
95.453514	2.72670443	98.18021843	92.72680957	17.6687413
95.46125366	2.74234643	98.20360009	92.71890723	17.70606712
95.53867705	2.782654647	98.3213317	92.75602241	17.743382
95.53867548	2.728334781	98.26701026	92.8103407	17.7806901
95.63157977	2.651991355	98.28357113	92.97958842	17.81797923
95.63674112	2.661117586	98.29785871	92.97562354	17.85526717
95.67544889	2.606934985	98.28238387	93.0685139	17.89261587
95.76319341	2.697816202	98.46100961	93.0653772	17.92992422
95.7244825	2.626837523	98.35132002	93.09764497	17.9672505
95.76319341	2.697668585	98.46086199	93.06552482	18.00449733
95.8354523	2.523814457	98.35926676	93.31163785	18.04179998
95.88448434	2.552892916	98.43737725	93.33159142	18.07916727
95.92577671	2.597368927	98.52314564	93.32840778	18.1165352
96.04448618	2.553360274	98.59784645	93.4911259	18.15394795
96.06255012	2.494294887	98.556845	93.56825523	18.19129295
96.02642067	2.5087767	98.53519737	93.51764397	18.22868467
96.03674337	2.520761272	98.55750464	93.5159821	18.2660177
96.15287295	2.461935096	98.61480805	93.69093785	18.30328208
96.0960981	2.414006703	98.51010481	93.6820914	18.34058525
96.16577554	2.364266185	98.53004172	93.80150935	18.3779097
96.24577724	2.331032576	98.57680982	93.91474467	18.41521337
96.29739074	2.374314915	98.67170566	93.92307583	18.45249787
96.32835884	2.31477428	98.64313312	94.01358456	18.48981155
96.37222795	2.309432201	98.68166015	94.06279575	18.52718338
96.32577895	2.309194017	98.63497297	94.01658493	18.5644664
96.35932694	2.280911685	98.64023862	94.07841525	18.60175412
96.45739258	2.273261596	98.73065418	94.18413099	18.6390094
96.50384316	2.183039033	98.68688219	94.32080412	18.67636727
96.49352203	2.201728763	98.69525079	94.29179327	18.71373752
96.50642462	2.247011501	98.75343612	94.25941312	18.7509586
96.4935236	2.196990181	98.69051379	94.29653342	18.78821562
96.56577778	2.157958487	98.72373627	94.40781929	18.82549432
96.6225542	2.091163654	98.71371785	94.53139055	18.86274238
96.69997287	2.1458788	98.84585167	94.55409407	18.90008855
96.78513436	2.154853647	98.939988	94.63028071	18.93740208
96.78513436	2.133202759	98.91833712	94.6519316	18.97469685
96.7515848	2.104039253	98.85562405	94.64754555	19.01204397
96.77739312	2.189338979	98.9667321	94.58805414	19.05021078
96.92707069	1.997648291	98.92471898	94.9294224	19.08747733
96.89610574	2.005463813	98.90156955	94.89064192	19.12478395
96.91674956	2.023251402	98.94000096	94.89349816	19.16211693
96.9554589	2.040736916	98.99619581	94.91472198	19.19987197
96.9554589	1.976244743	98.93170364	94.97921415	19.23714822
97.05352297	2.020092362	99.07361533	95.03343061	19.27447172
97.09223388	1.932992826	99.02522671	95.15924105	19.31176532
97.03029611	1.951748684	98.98204479	95.07854743	19.34909662
97.12836333	1.857634851	98.98599818	95.27072848	19.38632808
97.21094492	1.838446856	99.04939178	95.37249807	19.42365968
97.15158861	1.898338321	99.04992694	95.25325029	19.46097437
97.14384738	1.877873178	99.02172055	95.2659742	19.49831972
97.20320368	1.919063528	99.12226721	95.28414016	19.53562338
97.28320225	1.795930511	99.07913276	95.48727173	19.57298428
97.27546101	1.809311015	99.08477202	95.46614999	19.61029398
97.33997709	1.803504399	99.14348149	95.53647269	19.64754222
97.30384764	1.726159794	99.03000744	95.57768785	19.68483315
97.31933327	1.739144174	99.05847744	95.58018909	19.72213572
97.36062249	1.727317378	99.08793987	95.63330511	19.75943067
97.42771846	1.699744749	99.12746321	95.72797371	19.79672752
97.47675207	1.596891505	99.07364358	95.87986057	19.83404782
97.53352849	1.653026731	99.18655522	95.88050176	19.87139177
97.53610681	1.661400217	99.19750703	95.87470659	19.90863515
97.52578568	1.657700727	99.18348641	95.86808495	19.94596127
97.53094703	1.693878384	99.22482542	95.83706865	19.98323645
97.61352705	1.583849409	99.19737646	96.02967764	20.0205612
97.55933367	1.591947988	99.15128166	95.96738568	20.05789685
97.62126987	1.564413479	99.18568334	96.05685639	20.09517895
97.59546312	1.576666998	99.17213011	96.01879612	20.13250125
97.6496565	1.497440399	99.1470969	96.1522161	20.16988575
97.69610865	1.482912452	99.1790211	96.2131962	20.20720092
97.70385146	1.498351128	99.20220259	96.20550033	20.24451048
97.68836741	1.500909116	99.18927653	96.1874583	20.28180045
97.77094743	1.534506069	99.3054535	96.23644137	20.31916805
97.83804498	1.391963348	99.23000833	96.44608163	20.35648173
97.87675589	1.43850454	99.31526043	96.43825135	20.39378592
97.86127027	1.40666115	99.26793142	96.45460912	20.431113
97.86127184	1.426921255	99.2881931	96.43435059	20.46836183
97.91288534	1.472494191	99.38537953	96.44039115	20.50563042
97.92578793	1.481421588	99.40720951	96.44436634	20.54288652
97.95417456	1.43117271	99.38534727	96.52300185	20.58021477
97.9309477	1.423500248	99.35444795	96.50744745	20.6175023
97.98772412	1.442158323	99.42988245	96.5455658	20.65476942
97.97740142	1.32549214	99.30289356	96.65190928	20.69205313
98.05482167	1.381050848	99.43587252	96.67377082	20.72937868
98.09353258	1.343878801	99.43741138	96.74965378	20.7666676
98.10901505	1.329916171	99.43893123	96.77909888	20.80476948
98.12191921	1.308409666	99.43032888	96.81350955	20.8421051
98.06514437	1.344086305	99.40923067	96.72105806	20.87937012
98.16837136	1.291553646	99.45992501	96.87681772	20.9166964
98.14772596	1.283639245	99.43136521	96.86408672	20.95396975
98.17353114	1.227304034	99.40083517	96.9462271	20.99127978
98.18901519	1.240855196	99.42987038	96.94815999	21.02856792
98.13740326	1.238143162	99.37554643	96.8992601	21.06589472
98.20450081	1.209737546	99.41423836	96.99476326	21.1032431
98.19159665	1.238303434	99.42990008	96.95329322	21.14055632
98.20965901	1.212058426	99.42171744	96.99760059	21.17792473
98.2277261	1.182342695	99.41006879	97.0453834	21.21522168
98.41869446	1.208603286	99.62729775	97.21009118	21.25249772
98.38256502	1.190454065	99.57301908	97.19211095	21.2897848
98.35933973	1.148629302	99.50796903	97.21071043	21.32714408
98.38514648	1.175877236	99.56102371	97.20926924	21.36447032
98.36966085	1.135217125	99.50487798	97.23444373	21.4017529
98.41095008	1.162347043	99.57329712	97.24860304	21.43911862
98.4677265	1.152605325	99.62033182	97.31512117	21.47638867
98.43159862	1.149231823	99.58083045	97.2823668	21.51377048
98.41095165	1.128182945	99.5391346	97.28276871	21.55111572
98.50385437	1.03595006	99.53980443	97.46790431	21.58847115
98.47546616	1.032316888	99.50778305	97.44314928	21.6258267
98.47030481	1.065673451	99.53597827	97.40463136	21.66310343
98.51933842	1.081141303	99.60047973	97.43819712	21.70037722
98.39030625	1.070369609	99.46067586	97.31993664	21.73764642
98.50385595	1.072121266	99.57597721	97.43173468	21.77497278
98.54514675	1.013153278	99.55830002	97.53199347	21.8123393
98.56579214	1.005154379	99.57094652	97.56063776	21.84964095
98.67159903	0.96225786	99.63385689	97.70934117	21.88697293
98.59934013	1.009709124	99.60904925	97.58963101	21.92425582
98.64321082	1.001569336	99.64478015	97.64164148	21.96157313
98.63030823	0.968163167	99.5984714	97.66214506	21.99889283
98.63546958	0.993874672	99.62934425	97.64159491	22.03617625
98.63288812	0.988980761	99.62186888	97.64390736	22.07372242
98.59159732	0.913080607	99.50467793	97.67851671	22.11097395
98.6664361	0.93027607	99.59671217	97.73616003	22.14827572
98.66385779	0.90729111	99.5711489	97.75656668	22.18562617
98.64837217	0.906066015	99.55443818	97.74230615	22.22294018
98.75159759	0.870451425	99.62204901	97.88114616	22.26020633
98.738695	0.896310458	99.63500546	97.84238454	22.29750847
98.77482445	0.87161363	99.64643808	97.90321082	22.33476253
98.74385792	0.875622671	99.61948059	97.86823525	22.37212783
98.77482602	0.871538806	99.64636483	97.90328721	22.40954935
98.7283723	0.871690813	99.60006311	97.85668149	22.44713492
98.82127502	0.777658978	99.598934	98.04361604	22.48462553
98.85740604	0.819514952	99.676921	98.03789109	22.5221645
98.84708492	0.831302343	99.67838726	98.01578257	22.56051508
98.88579425	0.767747021	99.65354127	98.11804723	22.5980032
98.9012783	0.763484661	99.66476296	98.13779364	22.63556073
98.93998764	0.811066762	99.7510544	98.12892088	22.6730243
98.90385819	0.83385308	99.73771127	98.07000511	22.710549
98.911601	0.805794307	99.71739531	98.1058067	22.748097
98.96063304	0.793796469	99.75442951	98.16683657	22.78556188
98.93740775	0.801898783	99.73930653	98.13550897	22.82308633
98.92450359	0.808024812	99.7325284	98.11647878	22.8606717
98.99676091	0.756931708	99.75369262	98.2398292	22.89819533
99.0199862	0.707892127	99.72787833	98.31209407	22.93567313
99.02514755	0.704402577	99.72955013	98.32074497	22.97319728
99.014828	0.694604796	99.70943279	98.3202232	23.01065152
99.03547182	0.702109811	99.73758163	98.33336201	23.04810843
99.00966507	0.697446676	99.70711175	98.3122184	23.08560778
98.98385832	0.640191949	99.62405027	98.34366638	23.1230395
99.07160127	0.706855456	99.77845673	98.36474581	23.160601
99.00450372	0.722246103	99.72674983	98.28225762	23.19827525
99.03289036	0.694932418	99.72782278	98.33795794	23.23583863
99.04321463	0.688346921	99.73156155	98.35486771	23.2734168
99.07676262	0.648378824	99.72514144	98.4283838	23.31073513
99.07676419	0.651195603	99.7279598	98.42556859	23.34801072
99.07676105	0.682017698	99.75877874	98.39474335	23.38548617
99.10773072	0.63657149	99.74430221	98.47115923	23.42300512
99.07418273	0.667838427	99.74202116	98.4063443	23.46052633
99.13870039	0.582622646	99.72132304	98.55607774	23.49801133
99.12579623	0.606262968	99.7320592	98.51953326	23.53550293
99.09224824	0.59548878	99.68773702	98.49675946	23.57295372
99.08192397	0.585509192	99.66743316	98.49641478	23.6112743
99.11547353	0.598378533	99.71385206	98.517095	23.64874082
99.11805342	0.62153761	99.73959103	98.49651581	23.68618855
99.12321477	0.582245138	99.70545991	98.54096963	23.72369313
99.11805342	0.606406481	99.7244599	98.51164694	23.7611818
99.19805355	0.565077224	99.76313078	98.63297633	23.7987336
99.20579636	0.571974434	99.7777708	98.63382193	23.83611518
99.20837782	0.548025081	99.75640291	98.66035274	23.87361737
99.15934422	0.534924892	99.69426911	98.62441932	23.91104812
99.1619241	0.543130293	99.7050544	98.61879381	23.94852212
99.1722468	0.532555593	99.7048024	98.63969121	23.98602163
99.1516014	0.550352149	99.70195355	98.60124926	24.02356117
99.23160311	0.580816864	99.81241998	98.65078625	24.06119905
99.21353603	0.607602225	99.82113825	98.6059338	24.09866695
99.21095614	0.645920009	99.85687615	98.56503613	24.13609658
99.234183	0.647825488	99.88200849	98.58635751	24.17361598
99.21095771	0.633478225	99.84443594	98.57747949	24.21124688
99.2548284	0.577227387	99.83205579	98.67760101	24.24881288
99.2445057	0.582988264	99.82749396	98.66151744	24.28634025
99.27031402	0.556992838	99.82730686	98.71332118	24.32381905
99.26256964	0.562831586	99.82540122	98.69973805	24.3612858
99.26257121	0.564428281	99.82699949	98.69814293	24.39883322
99.3167646	0.512987558	99.82975215	98.80377704	24.43625918
99.3554755	0.577423502	99.93289901	98.778052	24.4737738
99.27289391	0.524870729	99.79776464	98.74802318	24.51121238
99.28321661	0.617818846	99.90103545	98.66539776	24.54866793
99.3064419	0.544757786	99.85119968	98.76168411	24.5861332
99.27805526	0.523142294	99.80119755	98.75491297	24.62345528
99.33224864	0.533141612	99.86539026	98.79910703	24.66099713
99.32708729	0.558436108	99.8855234	98.76865119	24.69848705
99.29095942	0.528965451	99.81992487	98.76199397	24.73602723
99.32708887	0.551717757	99.87880662	98.77537111	24.77353327
99.40450754	0.588855175	99.99336272	98.81565237	24.81100902
99.39160338	0.542097371	99.93370075	98.84950601	24.84852487
99.39160495	0.548510596	99.94011555	98.84309436	24.88598473
99.39160495	0.568777604	99.96038256	98.82282735	24.92349498
99.39418484	0.535844508	99.93002935	98.85834033	24.960968
99.37870079	0.556765684	99.93546648	98.82193511	24.9984494
99.43547564	0.550290755	99.98576639	98.88518488	25.03591708
99.39418484	0.574008877	99.96819372	98.82017596	25.07348352
99.3967663	0.55300887	99.94977517	98.84375743	25.11105397
99.37870079	0.577434684	99.95613548	98.80126611	25.14849933
99.39160495	0.5680145	99.95961945	98.82359045	25.1859784
99.39418484	0.538758743	99.93294358	98.8554261	25.22351973
99.40450754	0.566549536	99.97105708	98.837958	25.26101862
99.38128225	0.481099153	99.86238141	98.9001831	25.2984119
99.36063528	0.553995222	99.9146305	98.80664006	25.33591387
99.38128225	0.560272737	99.94155499	98.82100952	25.37324688
99.39160338	0.609199505	100.0008029	98.78240387	25.41074863
99.44321688	0.585734545	100.0289514	98.85748233	25.44825198
99.4380571	0.551948319	99.99000542	98.88610878	25.48573547
99.44837823	0.602351396	100.0507296	98.84602683	25.52323063
99.43031586	0.544611195	99.97492706	98.88570467	25.56069468
99.39676473	0.577975658	99.97474039	98.81878907	25.5981684
99.44063542	0.580538717	100.0211741	98.8600967	25.63566202
99.41999002	0.523013971	99.94300399	98.89697605	25.67319323
99.41741013	0.570295358	99.98770549	98.84711477	25.71071862
99.4277344	0.555028611	99.98276301	98.87270579	25.74818768
99.45095811	0.51305405	99.96401216	98.93790407	25.7856586
99.4174117	0.552441509	99.96985321	98.86497019	25.82312483
99.4483798	0.58581517	100.034195	98.86256463	25.86072237
99.4380571	0.556692655	99.99474975	98.88136445	25.89826633
99.45869935	0.57730733	100.0360067	98.88139202	25.93576032
99.45612104	0.57731793	100.033439	98.87880311	25.97324512
99.39934462	0.542944948	99.94228957	98.85639967	26.01072912
99.44321688	0.535858732	99.97907561	98.90735814	26.04817742
99.42773283	0.560461946	99.98819477	98.86727088	26.08564495
99.4277344	0.567605313	99.99533971	98.86012909	26.12309878
99.44063542	0.563069389	100.0037048	98.87756603	26.16062593
99.51031442	0.488789039	99.99910346	99.02152538	26.1981543
99.54644387	0.565311411	100.1117553	98.98113246	26.23561648
99.54128252	0.494882799	100.0361653	99.04639972	26.2731098
99.55934646	0.531429233	100.0907757	99.02791723	26.31058627
99.52321701	0.507243508	100.0304605	99.0159735	26.34808678
99.54386398	0.502043464	100.0459074	99.04182052	26.38565227
99.55418511	0.511884399	100.0660695	99.04230071	26.42313333
99.53870106	0.495124319	100.0338254	99.04357674	26.46061657
99.55934646	0.516108645	100.0754551	99.04323781	26.49812498
99.61096153	0.491045179	100.1020067	99.11991635	26.53557257
99.5774104	0.435818011	100.0132284	99.14159239	26.57316678
99.52063712	0.510266253	100.0309034	99.01037087	26.6106826
99.48450767	0.459866531	99.9443742	99.02464114	26.64825103
99.58515321	0.45007388	100.0352271	99.13507933	26.68578422
99.58257175	0.447178487	100.0297502	99.13539326	26.72323162
99.51547577	0.504015157	100.0194909	99.01146062	26.76082875
99.62128266	0.497578412	100.1188611	99.12370424	26.79833157
99.51805723	0.509940603	100.0279978	99.00811663	26.83574963
99.58773467	0.4794351	100.0671698	99.10829957	26.87324042
99.60580018	0.481029857	100.08683	99.12477032	26.91080162
99.59547748	0.478822221	100.0742997	99.11665526	26.9483311
99.64709098	0.442235044	100.089326	99.20485593	26.98582858
99.56192949	0.479712258	100.0416418	99.08221724	27.02329408
99.56192792	0.492183611	100.0541115	99.06974431	27.06092472
