avg	smoch	horni	spodni	time
29.14341055	0.091821966	29.23523252	29.05158858	0
29.20792742	0.122574494	29.33050192	29.08535293	0.03735045
29.21825012	0.221907255	29.44015738	28.99634287	0.074648267
29.21566945	0.24712433	29.46279378	28.96854512	0.11195375
29.22857282	0.261144574	29.48971739	28.96742825	0.1493437
29.27760564	0.179425742	29.45703138	29.0981799	0.186782683
29.30083093	0.236324001	29.53715493	29.06450693	0.224423183
29.18470135	0.245719591	29.43042094	28.93898176	0.26195065
29.27760564	0.194562296	29.47216794	29.08304335	0.299426617
29.28792795	0.207995757	29.49592371	29.07993219	0.33692455
29.38599281	0.269107379	29.65510019	29.11688543	0.374420433
29.3550251	0.286372008	29.64139711	29.06865309	0.411949567
29.38341213	0.408934943	29.79234708	28.97447719	0.449408233
29.33954105	0.317809401	29.65735045	29.02173165	0.486957233
29.32663768	0.256720502	29.58335818	29.06991718	0.52433085
29.31889565	0.30849436	29.62739001	29.01040129	0.561862133
29.34728308	0.284388413	29.63167149	29.06289466	0.599314533
29.40147686	0.267767683	29.66924454	29.13370917	0.63691075
29.36018645	0.287300766	29.64748722	29.07288569	0.674427617
29.43502563	0.254950515	29.68997614	29.18007511	0.711946667
29.39889657	0.323500214	29.72239679	29.07539636	0.749482983
29.42470293	0.312824938	29.73752787	29.11187799	0.787039367
29.41696091	0.427767476	29.84472838	28.98919343	0.824501533
29.44276726	0.333154911	29.77592217	29.10961235	0.86209575
29.52018711	0.318332537	29.83851965	29.20185458	0.8995653
29.53309049	0.346674098	29.87976459	29.18641639	0.937146167
29.50212278	0.304627782	29.80675056	29.197495	0.974656833
29.49438076	0.363186117	29.85756687	29.13119464	1.012224017
29.51502576	0.275829151	29.79085491	29.23919661	1.049747333
29.57954263	0.291214479	29.87075711	29.28832816	1.087260933
29.52792914	0.338588193	29.86651733	29.18934094	1.1246129
29.60276832	0.304911111	29.90767943	29.2978572	1.161955583
29.61567169	0.274206756	29.88987845	29.34146493	1.1992657
29.53825223	0.309357066	29.8476093	29.22889516	1.236551667
29.56405859	0.342460635	29.90651922	29.22159795	1.2738897
29.59760736	0.327510059	29.92511742	29.2700973	1.3111287
29.54341319	0.329840295	29.87325348	29.21357289	1.3484834
29.58728466	0.334631227	29.92191589	29.25265343	1.385904033
29.68534952	0.281706146	29.96705566	29.40364337	1.42325545
29.63373641	0.231771249	29.86550766	29.40196516	1.4605374
29.56405859	0.368049813	29.9321084	29.19600877	1.497780617
29.61051073	0.386031204	29.99654194	29.22447953	1.535064067
29.55889724	0.329941239	29.88883847	29.228956	1.572411433
29.60792966	0.266770919	29.87470058	29.34115875	1.609657783
29.62857506	0.264816567	29.89339163	29.3637585	1.646941
29.56147791	0.296652788	29.8581307	29.26482512	1.6842266
29.5924464	0.297101624	29.88954803	29.29534478	1.721514383
29.57696157	0.310109292	29.88707086	29.26685227	1.758776767
29.62083343	0.313589996	29.93442343	29.30724344	1.796065917
29.56405859	0.304364637	29.86842322	29.25969395	1.833424917
29.62599439	0.29833179	29.92432618	29.3276626	1.870804883
29.63889816	0.268859369	29.90775753	29.37003879	1.908216933
29.58470398	0.363644438	29.94834842	29.22105955	1.945452267
29.57954263	0.336417629	29.91596026	29.24312501	1.982796267
29.68793059	0.350875374	30.03880596	29.33705521	2.02019685
29.64663979	0.271840533	29.91848032	29.37479925	2.057463267
29.61567208	0.23987716	29.85554924	29.37579492	2.094789083
29.61825236	0.266745984	29.88499835	29.35150638	2.1320779
29.59760736	0.217542681	29.81515004	29.38006468	2.169298183
29.65696209	0.26360666	29.92056875	29.39335543	2.207395817
29.62857506	0.29951255	29.92808761	29.32906251	2.24473985
29.56405898	0.264565225	29.8286242	29.29949375	2.28205195
29.60018803	0.259019906	29.85920794	29.34116813	2.319376667
29.63115574	0.264363466	29.8955192	29.36679227	2.356752017
29.61567208	0.263049761	29.87872184	29.35262232	2.3941242
29.62083304	0.276817354	29.89765039	29.34401569	2.431412317
29.66986586	0.267867073	29.93773293	29.40199879	2.468927
29.64405951	0.229287574	29.87334708	29.41477193	2.50622395
29.74470504	0.283990084	30.02869512	29.46071495	2.54353745
29.70341463	0.239654113	29.94306875	29.46376052	2.58083905
29.70857598	0.228121935	29.93669792	29.48045405	2.6181017
29.70083396	0.313377901	30.01421186	29.38745606	2.655513417
29.64147844	0.244686852	29.88616529	29.39679159	2.692875183
29.67760828	0.198291859	29.87590014	29.47931642	2.7301796
29.70083357	0.256850278	29.95768384	29.44398329	2.76748
29.65180114	0.239654198	29.89145533	29.41214694	2.804718667
29.68276963	0.203103499	29.88587313	29.47966613	2.842042133
29.68793059	0.246801283	29.93473187	29.4411293	2.879379783
29.63631709	0.259430175	29.89574726	29.37688691	2.916695033
29.68534952	0.212116785	29.8974663	29.47323273	2.953912233
29.65180153	0.195075124	29.84687665	29.45672641	2.991261033
29.66986586	0.252509427	29.92237529	29.41735643	3.028656783
29.71889868	0.210763048	29.92966173	29.50813564	3.065959667
29.75760841	0.204996353	29.96260477	29.55261206	3.103229133
29.72664031	0.254244112	29.98088443	29.4723962	3.140586167
29.71115666	0.254506564	29.96566322	29.4566501	3.178118283
29.77309207	0.224146256	29.99723833	29.54894581	3.2154427
29.76018869	0.240070704	30.0002594	29.52011799	3.25269805
29.77309207	0.257213068	30.03030514	29.515879	3.289962767
29.74728532	0.240763281	29.9880486	29.50652204	3.327311417
29.71889829	0.232689013	29.9515873	29.48620928	3.36469555
29.75760802	0.278902597	30.03651062	29.47870542	3.401989867
29.82728585	0.216621874	30.04390772	29.61066397	3.439412383
29.79889882	0.235872866	30.03477168	29.56302595	3.47674625
29.81954382	0.314099422	30.13364325	29.5054444	3.514055183
29.76793111	0.227537989	29.9954691	29.54039312	3.551292767
29.81696315	0.260710376	30.07767352	29.55625277	3.588630917
29.92535071	0.302939367	30.22829007	29.62241134	3.625936583
29.95115745	0.355907156	30.30706461	29.5952503	3.663252783
30.03115838	0.231742503	30.26290088	29.79941587	3.700558167
29.9872869	0.30254342	30.28983032	29.68474348	3.737825917
30.06470715	0.318730157	30.38343731	29.74597699	3.775135533
30.08793283	0.298353521	30.38628635	29.78957931	3.812423117
30.11373997	0.352956609	30.46669658	29.76078336	3.8497896
30.14728874	0.415991289	30.56328003	29.73129745	3.887098133
30.16019172	0.347709846	30.50790157	29.81248188	3.9243657
30.15761105	0.333694336	30.49130539	29.82391671	3.9625319
30.2143859	0.407597611	30.62198351	29.80678829	3.999797633
30.1318043	0.313844575	30.44564888	29.81795973	4.037175217
30.32019278	0.280521861	30.60071464	30.03967092	4.074403733
30.35632183	0.36656345	30.72288528	29.98975838	4.111788183
30.34341846	0.446208279	30.78962674	29.89721018	4.149065317
30.46729007	0.43097845	30.89826852	30.03631162	4.186283733
30.46470939	0.403970527	30.86867992	30.06073886	4.223626467
30.47245142	0.373046163	30.84549758	30.09940525	4.260886917
30.54729059	0.476717285	31.02400788	30.07057331	4.298411
30.61438775	0.422362217	31.03674996	30.19202553	4.33566355
30.59116207	0.447623627	31.03878569	30.14353844	4.372932583
30.69955002	0.530575509	31.23012553	30.16897451	4.41022015
30.75890515	0.508370508	31.26727565	30.25053464	4.447532317
30.81051786	0.476941374	31.28745923	30.33357648	4.484867717
30.82600191	0.56033077	31.38633268	30.26567114	4.5222186
30.85180944	0.642807695	31.49461714	30.20900175	4.5596172
30.97826133	0.512155457	31.49041679	30.46610587	4.59696125
30.96793824	0.582875159	31.5508134	30.38506308	4.634193267
31.0118101	0.583675102	31.5954852	30.428135	4.6714449
31.17955279	0.63724068	31.81679347	30.54231211	4.70879275
31.10987535	0.633887374	31.74376273	30.47598798	4.746174
31.13052036	0.600391036	31.73091139	30.53012932	4.783559033
31.29826344	0.531303086	31.82956652	30.76696035	4.820834233
31.30858574	0.631360726	31.93994647	30.67722502	4.858301183
31.40407032	0.651564733	32.05563505	30.75250559	4.895633583
31.5305226	0.601610162	32.13213276	30.92891244	4.932948017
31.53826423	0.660619095	32.19888333	30.87764514	4.970315467
31.64665258	0.722336675	32.36898925	30.9243159	5.007618433
31.69310473	0.634338853	32.32744358	31.05876587	5.04502905
31.81181538	0.718861717	32.53067709	31.09295366	5.082275567
31.83504184	0.749770342	32.58481218	31.0852715	5.119536717
31.87891253	0.696425217	32.57533775	31.18248731	5.1569261
32.03375184	0.742252608	32.77600445	31.29149923	5.19417845
32.03633212	0.762654009	32.79898613	31.27367811	5.231435667
32.13181709	0.812724055	32.94454115	31.31909304	5.2687487
32.27375342	0.739124018	33.01287744	31.5346294	5.30610475
32.2350433	0.712140935	32.94718423	31.52290236	5.343364283
32.33568962	0.85210344	33.18779306	31.48358618	5.38074555
32.43891583	0.783068789	33.22198462	31.65584704	5.418125483
32.51633568	0.923263363	33.43959904	31.59307232	5.45538365
32.59117446	0.871659866	33.46283433	31.7195146	5.492740283
32.64536824	0.885674621	33.53104286	31.75969362	5.5302072
32.76665996	0.895879975	33.66253994	31.87077998	5.5675095
32.92666141	0.928701567	33.85536297	31.99795984	5.60481995
32.98343547	0.851579489	33.83501496	32.13185598	5.642121867
33.00924182	1.000118005	34.00935983	32.00912382	5.679388567
33.07633898	0.931020889	34.00735987	32.14531809	5.717489767
33.23117908	1.021413919	34.25259299	32.20976516	5.75481455
33.331825	0.947070902	34.2788959	32.3847541	5.7921777
33.44021217	1.030153209	34.47036537	32.41005896	5.82947265
33.46601891	1.066335483	34.5323544	32.39968343	5.867079733
33.55376147	0.942397682	34.49615915	32.61136378	5.904332367
33.69569819	1.076490841	34.77218903	32.61920735	5.9415757
33.85311896	1.124635376	34.97775434	32.72848359	5.978920483
33.93053842	1.173722026	35.10426045	32.7568164	6.016216033
34.06473194	1.119704299	35.18443624	32.94502764	6.05357105
34.06473273	1.253291957	35.31802469	32.81144077	6.091080383
34.1937649	1.180335358	35.37410026	33.01342954	6.12844875
34.25054014	1.319709648	35.57024979	32.93083049	6.165767733
34.42602564	1.271781668	35.6978073	33.15424397	6.20300755
34.58860815	1.271734516	35.86034267	33.31687364	6.240304983
34.71247897	1.327900445	36.04037942	33.38457853	6.277606917
34.80280102	1.33455313	36.13735415	33.46824789	6.314835633
34.95506005	1.37596496	36.33102501	33.57909509	6.35221725
34.96796342	1.327835107	36.29579853	33.64012832	6.389487117
35.14602999	1.410624241	36.55665423	33.73540575	6.426855083
35.2389335	1.525591986	36.76452548	33.71334151	6.46413785
35.3421597	1.479654275	36.82181398	33.86250543	6.50140325
35.44796659	1.495959992	36.94392658	33.95200659	6.5388053
35.61312899	1.457774405	37.0709034	34.15535459	6.576159983
35.66474249	1.580608806	37.24535129	34.08413368	6.613560133
35.82990568	1.596794131	37.42669981	34.23311155	6.651106983
35.90990581	1.605732195	37.51563801	34.30417362	6.688550867
36.10087418	1.618397189	37.71927137	34.48247699	6.725829217
36.17313308	1.700015282	37.87314836	34.47311779	6.76312385
36.26861726	1.645656625	37.91427388	34.62296063	6.800457583
36.44152169	1.679870932	38.12139262	34.76165076	6.837903717
36.51636126	1.662463775	38.17882503	34.85389748	6.875182767
36.61442533	1.719921335	38.33434667	34.894504	6.912540983
36.87507349	1.736817839	38.61189133	35.13825565	6.94985575
36.89055675	1.771063553	38.66162031	35.1194932	6.987239617
37.01184847	1.837195819	38.84904429	35.17465265	7.024561417
37.05829983	1.83723238	38.89553221	35.22106745	7.061929167
37.27507573	1.831516559	39.10659229	35.44355918	7.09922085
37.47378613	1.930983092	39.40476922	35.54280303	7.136546383
37.47894748	1.91062358	39.38957105	35.5683239	7.173844417
37.64927202	1.979850156	39.62912217	35.66942186	7.211164317
37.82991768	1.994979832	39.82489752	35.83493785	7.2485332
37.92540108	1.929793018	39.8551941	35.99560806	7.285805283
38.02346672	2.064104003	40.08757073	35.95936272	7.32309745
38.20411318	1.962229443	40.16634262	36.24188373	7.360366033
38.28153342	2.083404876	40.3649383	36.19812855	7.397716433
38.44669583	2.141833593	40.58852942	36.30486223	7.435084533
38.57056822	2.069248879	40.6398171	36.50131934	7.472752933
38.71508444	2.164948305	40.88003275	36.55013613	7.510125067
38.82605346	2.228553001	41.05460646	36.59750046	7.547415217
38.93702169	2.176610775	41.11363247	36.76041092	7.584695767
39.10476477	2.217908264	41.32267303	36.88685651	7.622049117
39.22347503	2.2331985	41.45667353	36.99027653	7.6594717
39.36541057	2.295274704	41.66068528	37.07013587	7.696921117
39.50992836	2.392475639	41.902404	37.11745272	7.734199333
39.62605795	2.414918362	42.04097631	37.21113958	7.77149855
39.76283371	2.407574204	42.17040792	37.35525951	7.8088089
39.86605913	2.474753267	42.3408124	37.39130587	7.8461576
39.9512214	2.479732197	42.4309536	37.47148921	7.883469317
40.10348122	2.471424806	42.57490603	37.63205641	7.9207997
40.21703091	2.584782473	42.80181339	37.63224844	7.95812425
40.3667077	2.496214168	42.86292187	37.87049353	7.99570065
40.53186931	2.570201811	43.10207113	37.9616675	8.03302805
40.64283912	2.67585563	43.31869475	37.96698349	8.070347533
40.84929232	2.562996012	43.41228833	38.28629631	8.10768125
40.93187313	2.662875344	43.59474848	38.26899779	8.144954483
41.00929338	2.691111964	43.70040534	38.31818141	8.182279267
41.24413322	2.714168438	43.95830165	38.52996478	8.219603633
41.36284347	2.761459773	44.12430325	38.6013837	8.256950583
41.48155373	2.694767683	44.17632141	38.78678605	8.294255483
41.69574896	2.789245974	44.48499493	38.90650298	8.331588583
41.69316828	2.808325185	44.50149347	38.8848431	8.368840233
41.95381566	2.815043946	44.7688596	39.13877171	8.4061855
42.00284769	2.902034375	44.90488207	39.10081332	8.44368135
42.13187986	2.902424231	45.03430409	39.22945563	8.48097095
42.30736575	2.923567524	45.23093328	39.38379823	8.518291817
42.43123736	2.948560757	45.37979812	39.4826766	8.555620233
42.58091571	2.966406809	45.54732252	39.61450891	8.592918233
42.76930419	2.903830079	45.67313427	39.86547411	8.63025315
42.71252934	2.881190135	45.59371948	39.83133921	8.667467683
43.01446673	2.946541872	45.9610086	40.06792486	8.704780817
43.06608023	2.903647003	45.96972723	40.16243322	8.742150517
43.24672668	2.945953112	46.19267979	40.30077357	8.779478933
43.36027637	2.999516681	46.35979306	40.36075969	8.816779367
43.54350193	2.929904523	46.47340645	40.61359741	8.8541053
43.77576188	2.936432634	46.71219451	40.83932925	8.89144015
43.85060145	2.961711886	46.81231334	40.88888957	8.928724267
44.0028597	2.99198645	46.99484615	41.01087325	8.966056333
44.21447425	3.005353243	47.21982749	41.209121	9.003341433
44.24286167	2.986814671	47.22967634	41.256047	9.040659117
44.52157377	2.968248132	47.4898219	41.55332564	9.0780736
44.64802605	3.012494062	47.66052011	41.63553199	9.115389833
44.77189687	2.877727514	47.64962438	41.89416936	9.1526755
44.89576848	3.016951539	47.91272002	41.87881694	9.190092017
45.11512584	2.99155803	48.10668387	42.12356781	9.2274371
45.22093272	3.019424406	48.24035713	42.20150832	9.264758133
45.36028916	3.092354146	48.45264331	42.26793502	9.302036367
45.49706336	3.05632922	48.55339258	42.44073414	9.339337283
45.65964509	2.991192514	48.6508376	42.66845257	9.376655083
45.74222668	3.115772846	48.85799953	42.62645384	9.41389385
45.9383564	3.046175355	48.98453176	42.89218105	9.4511711
46.09835745	3.064286397	49.16264385	43.03407106	9.488529633
46.20158366	3.125506404	49.32709007	43.07607726	9.525798733
46.35900404	3.082358246	49.44136229	43.2766458	9.563184183
46.57836062	3.090266078	49.6686267	43.48809454	9.600434867
46.74352224	2.983256504	49.72677874	43.76026573	9.6376496
46.80287776	3.098042114	49.90091987	43.70483564	9.674894383
47.01191164	3.05982454	50.07173618	43.9520871	9.712212117
47.15900932	3.065859889	50.2248692	44.09314943	9.749551267
47.28546238	3.042616471	50.32807885	44.24284591	9.786821733
47.3990105	3.02969479	50.42870529	44.36931571	9.8241162
47.60804517	3.0929383	50.70098347	44.51510687	9.861467567
47.80417488	3.035483367	50.83965825	44.76869152	9.89881595
47.87901367	3.041860247	50.92087392	44.83715342	9.936165583
48.05191888	3.12736739	51.17928627	44.92455149	9.973507033
48.17837038	3.070018239	51.24838862	45.10835214	10.01076843
48.33837143	3.164463714	51.50283515	45.17390772	10.04802658
48.41579168	3.167671536	51.58346321	45.24812014	10.08541043
48.57321206	3.277454168	51.85066623	45.29575789	10.12265723
48.69450378	3.214602646	51.90910642	45.47990113	10.15997513
48.81579392	3.215590767	52.03138469	45.60020316	10.1972958
48.96289082	3.220388928	52.18327974	45.74250189	10.23464647
49.11257232	3.303279436	52.41585175	45.80929288	10.27193953
49.32676597	3.30032898	52.62709495	46.02643699	10.3092082
49.43257364	3.291749681	52.72432332	46.14082396	10.34650782
49.66225213	3.239442707	52.90169484	46.42280942	10.38379402
49.78870362	3.341461402	53.13016503	46.44724222	10.42113587
49.974513	3.312714615	53.28722762	46.66179839	10.45845852
50.17838474	3.325397426	53.50378217	46.85298732	10.49584043
50.32290175	3.333107938	53.65600969	46.98979381	10.53309537
50.49064404	3.341907525	53.83255156	47.14873652	10.57039703
50.58870968	3.341959339	53.93066902	47.24675035	10.60768632
50.87000246	3.454064269	54.32406673	47.41593819	10.64495988
51.0222607	3.401612445	54.42387315	47.62064826	10.68244688
51.01451789	3.383243596	54.39776149	47.63127429	10.71979332
51.15645501	3.474118526	54.63057353	47.68233648	10.75712408
51.36548967	3.523655042	54.88914471	47.84183463	10.79442322
51.57194209	3.448112841	55.02005493	48.12382925	10.83166238
51.69839437	3.508092916	55.20648728	48.19030145	10.86906548
51.90484757	3.523711023	55.42855859	48.38113655	10.90639077
52.07517054	3.453498418	55.52866896	48.62167212	10.94376937
52.24549429	3.496996986	55.74249128	48.74849731	10.98114793
52.39517343	3.517923286	55.91309672	48.87725015	11.01846407
52.52420718	3.536916798	56.06112397	48.98729038	11.05575655
52.69194868	3.491920486	56.18386917	49.2000282	11.09305928
52.91646661	3.492843894	56.4093105	49.42362271	11.13060983
53.03259619	3.563758149	56.59635434	49.46883804	11.1681184
53.23646872	3.54607413	56.78254285	49.69039459	11.20556003
53.35259909	3.585937938	56.93853702	49.76666115	11.24308427
53.60550365	3.593051016	57.19855467	50.01245263	11.28065627
53.78098797	3.49747308	57.27846105	50.28351489	11.31812997
53.95647307	3.559048291	57.51552136	50.39742478	11.3556686
54.12163626	3.565337598	57.68697386	50.55629866	11.39318288
54.20421786	3.504732581	57.70895044	50.69948528	11.43061685
54.3771215	3.523458884	57.90058038	50.85366262	11.4680206
54.53454031	3.509297797	58.0438381	51.02524251	11.50557212
54.75647834	3.563153292	58.31963164	51.19332505	11.54305247
54.90873737	3.592922019	58.50165939	51.31581535	11.58052872
54.97067278	3.5721155	58.54278828	51.39855728	11.61795182
55.18744947	3.563065535	58.75051501	51.62438394	11.65548248
55.38616065	3.621915699	59.00807635	51.76424495	11.69294432
55.52809619	3.632940381	59.16103657	51.89515581	11.7305351
55.60293655	3.603541228	59.20647778	51.99939532	11.76800963
55.84809988	3.500456566	59.34855644	52.34764331	11.8055381
56.00293958	3.63614262	59.6390822	52.36679696	11.84296272
56.15261794	3.652849125	59.80546706	52.49976881	11.88049015
56.29713494	3.5496563	59.84679124	52.74747864	11.91798228
56.37971575	3.659770231	60.03948598	52.71994552	11.95557462
56.64036391	3.677362834	60.31772675	52.96300108	11.99296197
56.78229867	3.685393967	60.46769264	53.0969047	12.03129695
56.98101063	3.62121466	60.60222529	53.35979597	12.0688429
57.11778561	3.742552328	60.86033794	53.37523329	12.10646952
57.31649758	3.669219856	60.98571743	53.64727772	12.14399442
57.50488606	3.622137206	61.12702326	53.88274885	12.18149702
57.65198216	3.733606293	61.38558846	53.91837587	12.21895043
57.85585469	3.763350213	61.6192049	54.09250448	12.2565357
58.00037248	3.718807962	61.71918044	54.28156452	12.29404053
58.19134164	3.778678428	61.97002006	54.41266321	12.3314471
58.42101855	3.774420845	62.1954394	54.64659771	12.36874995
58.56811702	3.689673014	62.25779003	54.878444	12.40606315
58.80037776	3.710076256	62.51045401	55.0903015	12.44337687
58.84166777	3.808036575	62.64970434	55.03363119	12.48065892
59.14360515	3.751474727	62.89507988	55.39213043	12.51785388
59.27263811	3.850341767	63.12297988	55.42229634	12.55514628
59.40425095	3.933546476	63.33779743	55.47070448	12.59247275
59.60038224	3.891843007	63.49222525	55.70853924	12.629808
59.8016741	3.803291029	63.60496512	55.99838307	12.66709558
59.96683729	3.886303614	63.8531409	56.08053367	12.70437728
60.17070824	3.847991576	64.01869982	56.32271666	12.74165622
60.41845145	3.852880381	64.27133184	56.56557107	12.77899647
60.61716342	3.898880467	64.51604388	56.71828295	12.8162941
60.72039041	3.871840739	64.59223115	56.84854967	12.85363022
60.97329498	3.937893087	64.91118806	57.03540189	12.89094685
61.12297254	3.852724113	64.97569666	57.27024843	12.92825205
61.31136024	3.866942814	65.17830305	57.44441742	12.96555552
61.44555454	3.927868283	65.37342282	57.51768626	13.00284362
61.64426651	4.021060093	65.6653266	57.62320641	13.04019522
61.87394499	3.955675269	65.82962026	57.91826973	13.07753248
62.0494301	3.904743092	65.95417319	58.14468701	13.11488965
62.17072103	3.963192898	66.13391393	58.20752813	13.15220613
62.40814312	4.016281865	66.42442498	58.39186125	13.18952473
62.59136946	4.066794935	66.65816439	58.52457452	13.22688077
62.80814379	4.047474104	66.85561789	58.76066968	13.26413583
62.8262093	4.076567336	66.90277663	58.74964196	13.30140187
63.03008183	4.107782417	67.13786424	58.92229941	13.33874508
63.29588976	3.99056919	67.28645895	59.30532057	13.37598205
63.43266396	4.093870196	67.52653415	59.33879376	13.41326675
63.68040874	4.102084156	67.7824929	59.57832459	13.45059357
63.8404098	4.006942989	67.84735279	59.83346681	13.48787113
63.97718399	4.07729757	68.05448156	59.89988642	13.52524027
64.08041099	4.116490444	68.19690143	59.96392054	13.56260403
64.27912216	4.134060758	68.41318292	60.14506141	13.59990682
64.55267291	4.144648803	68.69732172	60.40802411	13.6372177
64.68428576	4.315168143	68.9994539	60.36911761	13.67474215
64.85202884	4.183366078	69.03539491	60.66866276	13.71206387
65.06622406	4.234674439	69.3008985	60.83154962	13.74934408
65.29332109	4.325645097	69.61896619	60.96767599	13.78758083
65.45590361	4.326196971	69.78210058	61.12970664	13.82487548
65.60558118	4.264354435	69.86993561	61.34122674	13.86215968
65.71913087	4.319422173	70.03855304	61.3997087	13.8994903
65.89719744	4.257916427	70.15511386	61.63928101	13.936756
66.0881658	4.35495762	70.44312342	61.73320818	13.97407693
66.32042497	4.387470867	70.70789583	61.9329541	14.01130623
66.56300762	4.392167203	70.95517482	62.17084041	14.04864182
66.6584918	4.471970556	71.13046235	62.18652124	14.08594305
66.90881569	4.384857038	71.29367273	62.52395865	14.12326165
67.01978392	4.435025866	71.45480979	62.58475805	14.16054247
67.22107735	4.400044828	71.62112217	62.82103252	14.19779628
67.41204492	4.493065712	71.90511064	62.91897921	14.23509488
67.6314015	4.53494621	72.16634771	63.09645529	14.2723492
67.76043367	4.438582993	72.19901666	63.32185068	14.30961713
67.93075743	4.492008775	72.4227662	63.43874865	14.34690447
68.25592167	4.549454227	72.8053759	63.70646744	14.38420827
68.32559989	4.611397685	72.93699758	63.71420221	14.421447
68.55527917	4.569466786	73.12474595	63.98581238	14.45872103
68.78753676	4.646950078	73.43448684	64.14058668	14.4960466
68.97850591	4.649958827	73.62846474	64.32854708	14.53333665
69.1952826	4.536526056	73.73180866	64.65875654	14.57061683
69.33721893	4.682430776	74.01964971	64.65478815	14.60795372
69.53334865	4.642540502	74.17588915	64.89080815	14.6452176
69.73980106	4.692885537	74.4326866	65.04691553	14.68251423
69.94109291	4.782652278	74.72374519	65.15844064	14.71976833
70.08044857	4.651989388	74.73243796	65.42845918	14.7571188
70.25593525	4.682615547	74.93855079	65.5733197	14.79442723
70.48303228	4.743369281	75.22640156	65.73966299	14.83174518
70.61464669	4.745875305	75.360522	65.86877139	14.86902837
70.87271182	4.824516949	75.69722877	66.04819487	14.90639505
71.08690705	4.830272302	75.91717935	66.25663474	14.94374648
71.15142313	4.857343341	76.00876647	66.29407979	14.98099633
71.35529644	4.805261352	76.1605578	66.55003509	15.01824452
71.64433046	4.866300498	76.51063095	66.77802996	15.0556352
71.75787858	4.850215605	76.60809418	66.90766297	15.09292902
71.91271985	4.837916874	76.75063673	67.07480298	15.13033483
72.09594541	4.926200495	77.0221459	67.16974491	15.16764955
72.26110781	4.880475933	77.14158375	67.38063188	15.2049336
72.52175362	4.908960736	77.43071435	67.61279288	15.2422601
72.67917399	5.035779972	77.71495397	67.64339402	15.27950173
72.83143302	4.930087294	77.76152032	67.90134573	15.31683212
73.07143657	4.939716917	78.01115349	68.13171966	15.35412807
73.32950249	4.936174775	78.26567726	68.39332771	15.39140743
73.44563207	5.036934042	78.48256611	68.40869803	15.4287404
73.6288592	5.119580627	78.74843982	68.50927857	15.46595072
73.81724767	5.021484052	78.83873173	68.79576362	15.50323145
74.02627998	4.996131901	79.02241188	69.03014808	15.54141727
74.19402306	5.109941029	79.30396409	69.08408203	15.5787697
74.40305693	5.12364232	79.52669925	69.27941461	15.61605457
74.55531754	5.018265437	79.57358298	69.5370521	15.6532824
74.82628447	5.028347724	79.85463219	69.79793674	15.69064447
75.00435024	5.112592481	80.11694272	69.89175776	15.7279812
75.06628801	5.216491833	80.28277985	69.84979618	15.76521587
75.30370853	5.122586265	80.42629479	70.18112226	15.80246392
75.42757935	5.085033198	80.51261255	70.34254615	15.8397358
75.61854929	5.140089057	80.75863834	70.47846023	15.87709423
75.81468058	5.173834199	80.98851477	70.64084638	15.91433423
75.98500354	5.088581762	81.07358531	70.89642178	15.95163842
76.15016673	5.15214468	81.30231142	70.99802205	15.98904537
76.37984444	5.159002144	81.53884658	71.22084229	16.02634572
76.52436066	5.153405696	81.67776635	71.37095496	16.06371585
76.6946852	5.208109163	81.90279436	71.48657603	16.10099555
76.96823516	5.215680725	82.18391588	71.75255443	16.13836132
77.08436474	5.265354249	82.34971899	71.81901049	16.1757471
77.22630107	5.181576783	82.40787785	72.04472429	16.21308595
77.31920537	5.250547185	82.56975255	72.06865818	16.25031212
77.56436869	5.213408881	82.77777757	72.35095981	16.28759895
77.79920774	5.169022876	82.96823062	72.63018487	16.3248332
77.86372383	5.247260984	83.11098481	72.61646284	16.36212583
78.10372738	5.310606447	83.41433382	72.79312093	16.39947403
78.33340508	5.376507024	83.7099121	72.95689806	16.4367115
78.44695477	5.299800377	83.74675515	73.1471544	16.4740805
78.63534168	5.225301821	83.8606435	73.41003986	16.51141707
78.78243936	5.332078317	84.11451768	73.45036104	16.54869757
78.96824795	5.269216131	84.23746408	73.69903182	16.58602013
79.18760453	5.27663291	84.46423744	73.91097162	16.6233713
79.34244344	5.31717902	84.65962246	74.02526442	16.66068112
79.53341181	5.242381929	84.77579374	74.29102988	16.69793908
79.66244398	5.342796203	85.00524018	74.31964778	16.73522788
79.80180042	5.286103756	85.08790418	74.51569667	16.77252575
80.04954521	5.279258178	85.32880339	74.77028703	16.80981488
80.19148154	5.319285728	85.51076727	74.87219581	16.84708502
80.30502966	5.315540647	85.62057031	74.98948901	16.88439947
80.4340634	5.335324771	85.76938817	75.09873863	16.92168053
80.64825706	5.336911787	85.98516884	75.31134527	16.95904983
80.84181003	5.25991092	86.10172095	75.58189911	16.99636562
80.92180702	5.336227486	86.2580345	75.58557953	17.03364378
81.09987437	5.254032071	86.35390644	75.8458423	17.07094697
81.31922937	5.289297385	86.60852676	76.02993199	17.10827637
81.49987504	5.339112708	86.83898775	76.16076233	17.14563758
81.63665159	5.291026883	86.92767848	76.34562471	17.18292787
81.73471567	5.361073163	87.09578883	76.3736425	17.22024733
81.94632943	5.315715697	87.26204513	76.63061373	17.25759183
82.20697523	5.334093318	87.54106855	76.87288191	17.29573473
82.24568771	5.278675558	87.52436327	76.96701216	17.3330373
82.38504416	5.293707309	87.67875147	77.09133685	17.3703606
82.63279052	5.339471823	87.97226234	77.29331869	17.40765985
82.76181954	5.269794946	88.03161449	77.49202459	17.44492762
82.95278791	5.248113079	88.20090099	77.70467483	17.48221765
83.02762826	5.283896258	88.31152452	77.74373201	17.51951982
83.22891933	5.222591058	88.45151039	78.00632827	17.55683665
83.35537318	5.24758613	88.60295931	78.10778705	17.5941334
83.55666425	5.259537641	88.81620189	78.29712661	17.63140312
83.65989124	5.207609811	88.86750106	78.45228143	17.6687413
83.79666623	5.234870671	89.0315369	78.56179555	17.70606712
83.96182784	5.152123814	89.11395166	78.80970403	17.743382
84.08569866	5.292574988	89.37827365	78.79312368	17.7806901
84.19150712	5.166783653	89.35829077	79.02472347	17.81797923
84.41860493	5.164363609	89.58296854	79.25424132	17.85526717
84.5269917	5.203105755	89.73009746	79.32388595	17.89261587
84.74118693	5.223804922	89.96499185	79.51738201	17.92992422
84.83667269	5.124447321	89.96112001	79.71222537	17.9672505
84.98118891	5.17751718	90.15870609	79.80367173	18.00449733
85.16183457	5.073278158	90.23511273	80.08855642	18.04179998
85.26505999	5.142175509	90.4072355	80.12288449	18.07916727
85.45344847	5.095468092	90.54891657	80.35798038	18.1165352
85.57732244	5.090022401	90.66734484	80.48730004	18.15394795
85.73732271	5.097369242	90.83469195	80.63995347	18.19129295
85.82506565	5.16264764	90.98771329	80.66241801	18.22868467
85.95409625	5.027181806	90.98127806	80.92691444	18.2660177
86.16571316	5.031691128	91.19740429	81.13402203	18.30328208
86.24571329	5.054042077	91.29975537	81.19167122	18.34058525
86.41345637	5.016466255	91.42992263	81.39699012	18.3779097
86.57861799	4.963510668	91.54212866	81.61510732	18.41521337
86.66636094	4.988522709	91.65488365	81.67783823	18.45249787
86.80829569	4.92768947	91.73598516	81.88060622	18.48981155
86.89346032	5.034388527	91.92784885	81.8590718	18.52718338
87.03023531	4.893615309	91.92385061	82.13662	18.5644664
87.19023557	4.858564129	92.0487997	82.33167144	18.60175412
87.34765438	4.944383677	92.29203806	82.4032707	18.6390094
87.50507476	4.892634955	92.39770972	82.6124398	18.67636727
87.51798049	4.864869143	92.38284964	82.65311135	18.71373752
87.8173372	4.793854906	92.61119211	83.0234823	18.7509586
87.80959439	4.840699102	92.65029349	82.96889529	18.78821562
87.9876586	4.816300716	92.80395932	83.17135788	18.82549432
88.04443502	4.756632494	92.80106751	83.28780252	18.86274238
88.21475799	4.794328127	93.00908611	83.42042986	18.90008855
88.34895308	4.680307152	93.02926023	83.66864593	18.93740208
88.41862894	4.705814815	93.12444376	83.71281413	18.97469685
88.62766282	4.715751023	93.34341384	83.91191179	19.01204397
88.66895519	4.650461383	93.31941657	84.01849381	19.05021078
88.80573017	4.627633741	93.43336391	84.17809643	19.08747733
88.93992526	4.629850724	93.56977599	84.31007454	19.12478395
89.05863316	4.594753219	93.65338638	84.46387994	19.16211693
89.22379635	4.577874896	93.80167125	84.64592145	19.19987197
89.29347536	4.613222727	93.90669808	84.68025263	19.23714822
89.46121686	4.537094509	93.99831137	84.92412236	19.27447172
89.4689581	4.538405688	94.00736379	84.93055241	19.31176532
89.6521868	4.475372611	94.12755942	85.17681419	19.34909662
89.73734986	4.514841571	94.25219143	85.22250829	19.38632808
89.87928462	4.449492506	94.32877712	85.42979211	19.42365968
89.93863935	4.428123566	94.36676292	85.51051579	19.46097437
90.09605973	4.409068929	94.50512866	85.6869908	19.49831972
90.15541604	4.312343115	94.46775916	85.84307293	19.53562338
90.23283471	4.34765507	94.58048978	85.88517964	19.57298428
90.36187003	4.263745348	94.62561538	86.09812468	19.61029398
90.45735107	4.339221999	94.79657307	86.11812907	19.64754222
90.57090233	4.228804499	94.79970683	86.34209784	19.68483315
90.63799831	4.287515992	94.9255143	86.35048232	19.72213572
90.8238069	4.24885058	95.07265748	86.57495632	19.75943067
90.83928937	4.254517817	95.09380719	86.58477156	19.79672752
91.01735672	4.185292606	95.20264933	86.83206412	19.83404782
91.06122898	4.128670117	95.1898991	86.93255887	19.87139177
91.16445441	4.091363474	95.25581788	87.07309093	19.90863515
91.27025971	4.127890514	95.39815023	87.1423692	19.94596127
91.41735897	4.073208323	95.49056729	87.34415064	19.98323645
91.52574889	3.993217603	95.51896649	87.53253128	20.0205612
91.55413552	3.979396373	95.5335319	87.57473915	20.05789685
91.65478106	4.032499975	95.68728103	87.62228108	20.09517895
91.75284513	3.982327134	95.73517226	87.77051799	20.13250125
91.8818773	3.911023773	95.79290107	87.97085352	20.16988575
91.87155617	3.943074924	95.81463109	87.92848125	20.20720092
92.06252454	3.794026147	95.85655068	88.26849839	20.24451048
92.09607252	3.884631973	95.9807045	88.21144055	20.28180045
92.25091301	3.779824129	96.03073714	88.47108889	20.31916805
92.29736674	3.788367628	96.08573436	88.50899911	20.35648173
92.39543081	3.654400391	96.0498312	88.74103042	20.39378592
92.40833339	3.708724162	96.11705756	88.69960923	20.431113
92.52704286	3.674290431	96.2013333	88.85275243	20.46836183
92.60188322	3.668541475	96.2704247	88.93334175	20.50563042
92.71543134	3.636145497	96.35157684	89.07928585	20.54288652
92.74639944	3.60039398	96.34679342	89.14600546	20.58021477
92.83156092	3.522989898	96.35455082	89.30857103	20.6175023
92.95801321	3.573233911	96.53124712	89.3847793	20.65476942
93.05607885	3.466709531	96.52278838	89.58936932	20.69205313
93.03543503	3.457758069	96.49319309	89.57767696	20.72937868
93.19801518	3.3967204	96.59473558	89.80129478	20.7666676
93.24446733	3.422996469	96.6674638	89.82147086	20.80476948
93.31414634	3.300237165	96.6143835	90.01390917	20.8421051
93.43801716	3.356245154	96.79426231	90.081772	20.87937012
93.45608267	3.368159775	96.82424244	90.08792289	20.9166964
93.52059875	3.300751627	96.82135038	90.21984713	20.95396975
93.58769473	3.308479562	96.89617429	90.27921516	20.99127978
93.64189283	3.265337344	96.90723017	90.37655549	21.02856792
93.70124599	3.223415627	96.92466162	90.47783037	21.06589472
93.79414871	3.100603982	96.8947527	90.69354473	21.1032431
93.83543794	3.150797933	96.98623587	90.68464001	21.14055632
93.94640932	3.070409441	97.01681876	90.87599988	21.17792473
93.95156909	3.079496422	97.03106552	90.87207267	21.21522168
94.07285845	2.992751693	97.06561015	91.08010676	21.25249772
94.07027856	3.006734511	97.07701308	91.06354405	21.2897848
94.13221319	3.037416518	97.16962971	91.09479667	21.32714408
94.19931073	2.967708351	97.16701908	91.23160238	21.36447032
94.33866875	2.975147195	97.31381595	91.36352155	21.4017529
94.35157134	2.887402036	97.23897337	91.4641693	21.43911862
94.42125035	2.925888953	97.3471393	91.49536139	21.47638867
94.47286384	2.87556234	97.34842618	91.5973015	21.51377048
94.52705723	2.825093736	97.35215096	91.70196349	21.55111572
94.56576499	2.733804283	97.29956927	91.83196071	21.58847115
94.62512287	2.704682502	97.32980537	91.92044037	21.6258267
94.79544584	2.688159203	97.48360504	92.10728664	21.66310343
94.80060562	2.709833571	97.51043919	92.09077205	21.70037722
94.77996022	2.697926154	97.47788637	92.08203406	21.73764642
94.89350991	2.626740951	97.52025086	92.26676896	21.77497278
94.87802586	2.580072837	97.4580987	92.29795303	21.8123393
94.97609151	2.541941296	97.5180328	92.43415021	21.84964095
95.03544782	2.579204072	97.61465189	92.45624374	21.88697293
95.08447985	2.583362466	97.66784232	92.50111738	21.92425582
95.11544795	2.43943463	97.55488258	92.67601332	21.96157313
95.16447999	2.497181423	97.66166141	92.66729856	21.99889283
95.22125483	2.416464084	97.63771892	92.80479075	22.03617625
95.30899778	2.385575112	97.69457289	92.92342266	22.07372242
95.27028687	2.424194711	97.69448158	92.84609216	22.11097395
95.31674059	2.312848132	97.62958872	93.00389246	22.14827572
95.32189879	2.283754399	97.60565319	93.03814439	22.18562617
95.49222491	2.344408844	97.83663375	93.14781606	22.22294018
95.48448052	2.242330912	97.72681143	93.24214961	22.26020633
95.52319143	2.302862456	97.82605389	93.22032897	22.29750847
95.65480506	2.239280444	97.89408551	93.41552462	22.33476253
95.60319314	2.220748218	97.82394136	93.38244492	22.37212783
95.5799647	2.191548555	97.77151326	93.38841615	22.40954935
95.77093464	2.128492028	97.89942667	93.64244262	22.44713492
95.7451279	2.145692445	97.89082034	93.59943545	22.48462553
95.84319197	2.068164869	97.91135684	93.7750271	22.5221645
95.80448263	2.024818888	97.82930152	93.77966374	22.56051508
95.84319354	2.033777731	97.87697127	93.80941581	22.5980032
95.86900029	1.933923227	97.80292352	93.93507706	22.63556073
95.89480704	1.905141454	97.79994849	93.98966558	22.6730243
95.95158188	1.93908915	97.89067103	94.01249273	22.710549
95.99029437	1.90117828	97.89147265	94.08911609	22.748097
96.00577527	1.868967538	97.87474281	94.13680773	22.78556188
96.02900056	1.847418322	97.87641888	94.18158223	22.82308633
96.11674508	1.783373189	97.90011826	94.33337189	22.8606717
96.15545441	1.802151442	97.95760585	94.35330297	22.89819533
96.13480901	1.787736656	97.92254567	94.34707236	22.93567313
96.25093859	1.730801419	97.98174001	94.52013718	22.97319728
96.31545311	1.789449349	98.10490246	94.52600376	23.01065152
96.30513041	1.787199989	98.0923304	94.51793042	23.04810843
96.38255065	1.663868752	98.0464194	94.7186819	23.08560778
96.34125985	1.692634094	98.03389395	94.64862576	23.1230395
96.42900437	1.63315333	98.0621577	94.79585104	23.160601
96.4290028	1.563888422	97.99289122	94.86511438	23.19827525
96.44706674	1.594331567	98.0413983	94.85273517	23.23583863
96.51932563	1.596280166	98.1156058	94.92304547	23.2734168
96.52964991	1.537072067	98.06672197	94.99257784	23.31073513
96.51674575	1.584920318	98.10166606	94.93182543	23.34801072
96.52449013	1.50161837	98.0261085	95.02287176	23.38548617
96.57610205	1.532892445	98.1089945	95.04320961	23.42300512
96.6483578	1.399090178	98.04744798	95.24926763	23.46052633
96.66126354	1.445884864	98.1071484	95.21537867	23.49801133
96.71029715	1.426512612	98.13680976	95.28378453	23.53550293
96.6948131	1.385230992	98.08004409	95.30958211	23.57295372
96.67932905	1.317340226	97.99666927	95.36198882	23.6112743
96.75158637	1.364899202	98.11648557	95.38668717	23.64874082
96.74126367	1.391485613	98.13274928	95.34977806	23.68618855
96.80061998	1.274657001	98.07527698	95.52596298	23.72369313
96.80836122	1.290372893	98.09873411	95.51798833	23.7611818
96.79029571	1.254716413	98.04501212	95.53557929	23.7987336
96.79287717	1.279532491	98.07240966	95.51334468	23.83611518
96.90642686	1.084430705	97.99085757	95.82199616	23.87361737
96.91158664	1.171534863	98.0831215	95.74005178	23.91104812
96.87803865	1.205127154	98.08316581	95.6729115	23.94852212
96.91674799	1.200696451	98.11744444	95.71605154	23.98602163
96.9244908	1.086352368	98.01084317	95.83813843	24.02356117
96.98126565	1.112245465	98.09351111	95.86902018	24.06119905
97.04062038	1.184087756	98.22470814	95.85653263	24.09866695
96.99158835	1.143165295	98.13475364	95.84842305	24.13609658
97.10513647	1.075972597	98.18110906	96.02916387	24.17361598
97.13868445	1.119751968	98.25843642	96.01893249	24.21124688
97.15158861	1.123461612	98.27505023	96.028127	24.24881288
97.12578344	1.124853884	98.25063732	96.00092955	24.28634025
97.1438458	1.121730592	98.2655764	96.02211521	24.32381905
97.22642897	1.005446229	98.2318752	96.22098274	24.3612858
97.21352324	0.951331048	98.16485429	96.26219219	24.39883322
97.26255685	0.963822414	98.22637926	96.29873443	24.43625918
97.25223572	1.051992735	98.30422846	96.20024298	24.4737738
97.32449462	0.983452258	98.30794687	96.34104236	24.51121238
97.28578371	0.880062322	98.16584603	96.40572138	24.54866793
97.28062236	0.948089433	98.22871179	96.33253292	24.5861332
97.28062078	0.894191328	98.17481211	96.38642946	24.62345528
97.31158888	0.920381874	98.23197076	96.39120701	24.66099713
97.2677182	0.932293944	98.20001214	96.33542425	24.69848705
97.34771833	0.848971187	98.19668952	96.49874714	24.73602723
97.3477199	0.853782345	98.20150225	96.49393756	24.77353327
97.39417362	0.878312589	98.27248621	96.51586103	24.81100902
97.3477199	0.842870013	98.19058992	96.50484989	24.84852487
97.39417205	0.862935942	98.25710799	96.53123611	24.88598473
97.44320566	0.825796433	98.26900209	96.61740923	24.92349498
97.48449488	0.773226243	98.25772113	96.71126864	24.960968
97.39675194	0.818441258	98.2151932	96.57831068	24.9984494
97.46384791	0.757123385	98.2209713	96.70672453	25.03591708
97.51030321	0.790054157	98.30035736	96.72024905	25.07348352
97.48449488	0.754084101	98.23857899	96.73041078	25.11105397
97.48707477	0.757941283	98.24501606	96.72913349	25.14849933
97.56191356	0.714215225	98.27612878	96.84769833	25.1859784
97.53868827	0.705375935	98.24406421	96.83331233	25.22351973
97.52836714	0.703788494	98.23215564	96.82457865	25.26101862
97.51804287	0.695038179	98.21308105	96.82300469	25.2984119
97.48191342	0.696329119	98.17824254	96.7855843	25.33591387
97.54643108	0.721508186	98.26793927	96.82492289	25.37324688
97.51030163	0.6858159	98.19611753	96.82448573	25.41074863
97.59288323	0.629882404	98.22276563	96.96300082	25.44825198
97.62384975	0.655639284	98.27948904	96.96821047	25.48573547
97.58256053	0.664168829	98.24672936	96.9183917	25.52323063
97.55675221	0.621107914	98.17786012	96.93564429	25.56069468
97.58514199	0.615290474	98.20043246	96.96985152	25.5981684
97.60320593	0.630387775	98.2335937	96.97281815	25.63566202
97.55675378	0.630527401	98.18728118	96.92622638	25.67319323
97.64707819	0.565547885	98.21262607	97.0815303	25.71071862
97.6496565	0.574137359	98.22379386	97.07551914	25.74818768
97.59288323	0.625797244	98.21868047	96.96708598	25.7856586
97.61868998	0.590650503	98.20934048	97.02803947	25.82312483
97.6290111	0.561909277	98.19092038	97.06710183	25.86072237
97.67804471	0.546430404	98.22447512	97.13161431	25.89826633
97.6909473	0.50750528	98.19845258	97.18344202	25.93576032
97.67288494	0.595769129	98.26865406	97.07711581	25.97324512
97.70901281	0.460804921	98.16981773	97.24820789	26.01072912
97.72965664	0.523842579	98.25349921	97.20581406	26.04817742
97.73481799	0.481858479	98.21667646	97.25295951	26.08564495
97.72707675	0.470544315	98.19762106	97.25653243	26.12309878
97.77611036	0.521242747	98.2973531	97.25486761	26.16062593
97.81998104	0.544722211	98.36470325	97.27525883	26.1981543
97.76836755	0.520273174	98.28864072	97.24809437	26.23561648
97.80191711	0.557005757	98.35892286	97.24491135	26.2731098
97.81739958	0.567372974	98.38477256	97.25002661	26.31058627
97.80707688	0.58912737	98.39620425	97.21794951	26.34808678
97.80449699	0.515267798	98.31976479	97.2892292	26.38565227
97.8535306	0.523856788	98.37738739	97.32967381	26.42313333
97.86643319	0.506665735	98.37309893	97.35976746	26.46061657
97.8535306	0.487300813	98.34083142	97.36622979	26.49812498
97.86127184	0.50787356	98.3691454	97.35339828	26.53557257
97.83804498	0.513700841	98.35174582	97.32434414	26.57316678
97.89740129	0.502626519	98.40002781	97.39477477	26.6106826
97.89481983	0.551416204	98.44623603	97.34340362	26.64825103
97.83288363	0.540179666	98.3730633	97.29270396	26.68578422
97.88191724	0.508632851	98.39055009	97.37328439	26.72323162
97.83804498	0.493804697	98.33184968	97.34424028	26.76082875
97.87159454	0.419419099	98.29101364	97.45217544	26.79833157
97.92836781	0.462032507	98.39040032	97.46633531	26.83574963
97.90772399	0.457921235	98.36564522	97.44980275	26.87324042
97.9051441	0.48428485	98.38942895	97.42085925	26.91080162
97.93869366	0.466736649	98.40543031	97.47195701	26.9483311
97.92836939	0.46131166	98.38968105	97.46705773	26.98582858
97.89740129	0.462464252	98.35986554	97.43493704	27.02329408
97.92320961	0.46174436	98.38495397	97.46146525	27.06092472