avg	smoch	horni	spodni	time
29.26470187	0.160831235	29.42553311	29.10387064	0
29.35760578	0.236802601	29.59440838	29.12080318	0.03735045
29.26986322	0.156422852	29.42628608	29.11344037	0.074648267
29.39631551	0.190863827	29.58717933	29.20545168	0.11195375
29.41696091	0.215234463	29.63219537	29.20172644	0.1493437
29.41954197	0.188123061	29.60766503	29.23141891	0.186782683
29.39115455	0.157948234	29.54910278	29.23320632	0.224423183
29.47631643	0.287995409	29.76431184	29.18832102	0.26195065
29.51760683	0.290665198	29.80827203	29.22694163	0.299426617
29.46341305	0.271938512	29.73535156	29.19147454	0.33692455
29.48921941	0.279665369	29.76888478	29.20955404	0.374420433
29.56405898	0.217909378	29.78196836	29.3461496	0.411949567
29.62341371	0.336239293	29.95965301	29.28717442	0.449408233
29.68276924	0.32901132	30.01178056	29.35375792	0.486957233
29.73438234	0.349715173	30.08409751	29.38466717	0.52433085
29.66212384	0.3618083	30.02393214	29.30031554	0.561862133
29.66470451	0.355663363	30.02036788	29.30904115	0.599314533
29.65696249	0.369530524	30.02649301	29.28743196	0.63691075
29.67760789	0.376670514	30.0542784	29.30093737	0.674427617
29.72664071	0.381082527	30.10772324	29.34555818	0.711946667
29.77825381	0.419831206	30.19808502	29.35842261	0.749482983
29.76535083	0.365926417	30.13127725	29.39942441	0.787039367
29.81954422	0.399077618	30.21862184	29.4204666	0.824501533
29.81696394	0.389551708	30.20651564	29.42741223	0.86209575
29.81696394	0.382391005	30.19935494	29.43457293	0.8995653
29.82212528	0.392820468	30.21494575	29.42930482	0.937146167
29.82212489	0.408609517	30.23073441	29.41351537	0.974656833
29.76018948	0.380977658	30.14116714	29.37921182	1.012224017
29.82470557	0.361237712	30.18594328	29.46346785	1.049747333
29.88406109	0.309507451	30.19356854	29.57455364	1.087260933
29.86599636	0.329840698	30.19583706	29.53615567	1.1246129
29.9150284	0.438515429	30.35354383	29.47651297	1.161955583
29.98212595	0.382826216	30.36495216	29.59929973	1.1992657
30.01309365	0.407662968	30.42075662	29.60543068	1.236551667
30.01309365	0.397907621	30.41100127	29.61518603	1.2738897
29.9563192	0.431487794	30.38780699	29.5248314	1.3111287
30.02083568	0.370448457	30.39128413	29.65038722	1.3484834
29.98986758	0.399877745	30.38974532	29.58998983	1.385904033
30.02599703	0.412696247	30.43869327	29.61330078	1.42325545
29.98986758	0.361660982	30.35152856	29.6282066	1.4605374
30.05696512	0.411403245	30.46836837	29.64556188	1.497780617
29.99502893	0.371166918	30.36619584	29.62386201	1.535064067
30.0389004	0.403062752	30.44196315	29.63583765	1.572411433
29.98212555	0.385772298	30.36789785	29.59635326	1.609657783
30.0801908	0.329578052	30.40976886	29.75061275	1.646941
30.06728782	0.354876052	30.42216388	29.71241177	1.6842266
29.98986797	0.356934443	30.34680241	29.63293353	1.721514383
30.11632025	0.381676259	30.49799651	29.73464399	1.758776767
30.08793283	0.313908291	30.40184112	29.77402454	1.796065917
30.1318043	0.351292238	30.48309654	29.78051206	1.833424917
30.1008362	0.320209781	30.42104598	29.78062642	1.870804883
30.06728743	0.283637545	30.35092497	29.78364989	1.908216933
30.11631986	0.319356419	30.43567628	29.79696344	1.945452267
30.05180417	0.265870725	30.31767489	29.78593344	1.982796267
30.09309418	0.339530942	30.43262512	29.75356324	2.02019685
30.15502998	0.315580378	30.47061036	29.8394496	2.057463267
30.16277161	0.368465461	30.53123707	29.79430615	2.094789083
30.16277201	0.344651549	30.50742355	29.81812046	2.1320779
30.15761066	0.383555882	30.54116654	29.77405477	2.169298183
30.17567538	0.382826696	30.55850208	29.79284868	2.207395817
30.16277201	0.422913283	30.58568529	29.73985872	2.24473985
30.16019094	0.396566244	30.55675718	29.76362469	2.28205195
30.17309471	0.424155512	30.59725022	29.74893919	2.319376667
30.13180391	0.42176212	30.55356603	29.71004179	2.356752017
30.18857875	0.410689755	30.59926851	29.777889	2.3941242
30.19373971	0.386185843	30.57992555	29.80755387	2.431412317
30.16019094	0.452345006	30.61253594	29.70784593	2.468927
30.21954607	0.38739168	30.60693775	29.83215439	2.50622395
30.19890106	0.419577513	30.61847857	29.77932355	2.54353745
30.22728848	0.393463728	30.62075221	29.83382476	2.58083905
30.19890106	0.396481933	30.59538299	29.80241913	2.6181017
30.24019147	0.342129791	30.58232126	29.89806168	2.655513417
30.17825566	0.396078589	30.57433425	29.78217707	2.692875183
30.19890106	0.414065226	30.61296629	29.78483584	2.7301796
30.22986916	0.385685406	30.61555457	29.84418375	2.76748
30.20406241	0.424720894	30.6287833	29.77934152	2.804718667
30.19632039	0.391291165	30.58761155	29.80502922	2.842042133
30.18857797	0.386203632	30.5747816	29.80237434	2.879379783
30.20406241	0.417285566	30.62134798	29.78677684	2.916695033
30.17309471	0.413823793	30.5869185	29.75927091	2.953912233
30.17309431	0.439046095	30.61214041	29.73404822	2.991261033
30.19115904	0.391767442	30.58292648	29.79939159	3.028656783
30.17051403	0.4494351	30.61994913	29.72107893	3.065959667
30.20148213	0.373314013	30.57479614	29.82816812	3.103229133
30.20664309	0.427985215	30.6346283	29.77865787	3.140586167
30.19115943	0.372599731	30.56375916	29.8185597	3.178118283
30.21954646	0.399077044	30.6186235	29.82046942	3.2154427
30.20148174	0.328627246	30.53010898	29.87285449	3.25269805
30.17825566	0.392701306	30.57095697	29.78555436	3.289962767
30.19890145	0.437145811	30.63604727	29.76175564	3.327311417
30.21180444	0.40049303	30.61229747	29.81131141	3.36469555
30.22212713	0.390780223	30.61290736	29.83134691	3.401989867
30.24793349	0.345461675	30.59339517	29.90247182	3.439412383
30.21438511	0.410852015	30.62523712	29.8035331	3.47674625
30.23244944	0.348284025	30.58073347	29.88416542	3.514055183
30.20406202	0.399511217	30.60357323	29.8045508	3.551292767
30.21696539	0.38143195	30.59839734	29.83553344	3.588630917
30.20148174	0.416886399	30.61836814	29.78459534	3.625936583
30.25567551	0.399177028	30.65485254	29.85649849	3.663252783
30.28922429	0.408234448	30.69745874	29.88098984	3.700558167
30.26083647	0.397622965	30.65845944	29.86321351	3.737825917
30.26857928	0.417604669	30.68618395	29.85097461	3.775135533
30.25825658	0.344245742	30.60250233	29.91401084	3.812423117
30.23503012	0.483555545	30.71858566	29.75147457	3.8497896
30.25825619	0.407253762	30.66550995	29.85100243	3.887098133
30.28406333	0.413662902	30.69772623	29.87040043	3.9243657
30.24535321	0.435313597	30.68066681	29.81003961	3.9625319
30.27890198	0.42062384	30.69952582	29.85827814	3.999797633
30.25825619	0.340940291	30.59919648	29.9173159	4.037175217
30.26083726	0.397371251	30.65820851	29.86346601	4.074403733
30.30728901	0.347154036	30.65444305	29.96013498	4.111788183
30.25825619	0.384458105	30.64271429	29.87379808	4.149065317
30.28922468	0.426191894	30.71541658	29.86303279	4.186283733
30.24019186	0.408413362	30.64860522	29.8317785	4.223626467
30.30728941	0.317180433	30.62446984	29.99010897	4.260886917
30.32535374	0.473184405	30.79853814	29.85216933	4.298411
30.32019239	0.509417735	30.82961012	29.81077465	4.33566355
30.26599821	0.406451663	30.67244988	29.85954655	4.372932583
30.32535334	0.347863017	30.67321636	29.97749033	4.41022015
30.34599913	0.329638308	30.67563744	30.01636083	4.447532317
30.38212858	0.438986009	30.82111459	29.94314257	4.484867717
30.39503156	0.432875021	30.82790658	29.96215654	4.5222186
30.35632183	0.423857767	30.7801796	29.93246407	4.5596172
30.30728941	0.470544565	30.77783397	29.83674484	4.59696125
30.42600006	0.418306315	30.84430637	30.00769374	4.634193267
30.36922521	0.348971776	30.71819698	30.02025343	4.6714449
30.42341899	0.418879062	30.84229805	30.00453993	4.70879275
30.39503196	0.420624388	30.81565634	29.97440757	4.746174
30.39503196	0.392786692	30.78781865	30.00224526	4.783559033
30.37954791	0.409943801	30.78949171	29.96960411	4.820834233
30.40535505	0.409618517	30.81497357	29.99573653	4.858301183
30.44406439	0.405861959	30.84992634	30.03820243	4.895633583
30.50083884	0.391002671	30.89184151	30.10983617	4.932948017
30.43890304	0.414788841	30.85369188	30.0241142	4.970315467
30.47761316	0.438894872	30.91650803	30.03871829	5.007618433
30.44148371	0.418672294	30.860156	30.02281142	5.04502905
30.41567657	0.490121803	30.90579837	29.92555477	5.082275567
30.48793586	0.429709467	30.91764533	30.05822639	5.119536717
30.46729046	0.450102051	30.91739251	30.01718841	5.1569261
30.46470978	0.396398482	30.86110827	30.0683113	5.19417845
30.43374169	0.442235648	30.87597733	29.99150604	5.231435667
30.39761263	0.292037056	30.68964969	30.10557558	5.2687487
30.50341951	0.428607634	30.93202715	30.07481188	5.30610475
30.47503209	0.408332215	30.88336431	30.06669988	5.343364283
30.53954896	0.397338136	30.9368871	30.14221083	5.38074555
30.61438814	0.474560991	31.08894913	30.13982715	5.418125483
30.60922679	0.474238108	31.0834649	30.13498868	5.45538365
30.65567894	0.536666099	31.19234504	30.11901284	5.492740283
30.60664612	0.487287321	31.09393344	30.11935879	5.5302072
30.52406491	0.611709356	31.13577427	29.91235556	5.5675095
30.64277517	0.496909531	31.1396847	30.14586564	5.60481995
30.68922732	0.492182734	31.18141005	30.19704458	5.642121867
30.64793652	0.483968404	31.13190492	30.16396812	5.679388567
30.67632394	0.513635837	31.18995978	30.16268811	5.717489767
30.63245247	0.543068406	31.17552088	30.08938407	5.75481455
30.70213069	0.521676716	31.22380741	30.18045398	5.7921777
30.6401941	0.572686031	31.21288013	30.06750807	5.82947265
30.68148529	0.518616614	31.20010191	30.16286868	5.867079733
30.78729218	0.444773102	31.23206528	30.34251907	5.904332367
30.7434207	0.420307172	31.16372788	30.32311353	5.9415757
30.76922745	0.437085065	31.20631252	30.33214239	5.978920483
30.66083989	0.425378564	31.08621846	30.23546133	6.016216033
30.7640661	0.453785701	31.2178518	30.3102804	6.05357105
30.7330984	0.482976477	31.21607487	30.25012192	6.091080383
30.79761488	0.488188829	31.2858037	30.30942605	6.12844875
30.78729257	0.472437495	31.25973006	30.31485507	6.165767733
30.81051825	0.484766326	31.29528458	30.32575192	6.20300755
30.90084148	0.53055023	31.43139171	30.37029125	6.240304983
30.86213175	0.590209961	31.45234171	30.27192179	6.277606917
30.88019608	0.526543344	31.40673942	30.35365273	6.314835633
30.80277623	0.633340741	31.43611697	30.16943548	6.35221725
30.93180918	0.544513214	31.4763224	30.38729597	6.389487117
30.86471242	0.545454911	31.41016733	30.31925751	6.426855083
30.89051917	0.581502307	31.47202148	30.30901686	6.46413785
30.98600375	0.504015787	31.49001953	30.48198796	6.50140325
31.01955173	0.568647713	31.58819945	30.45090402	6.5388053
31.09439091	0.492196169	31.58658708	30.60219474	6.576159983
31.15374643	0.556813232	31.71055966	30.5969332	6.613560133
31.15890778	0.539327292	31.69823507	30.61958049	6.651106983
31.11503631	0.587314753	31.70235106	30.52772156	6.688550867
31.12793968	0.531603612	31.6595433	30.59633607	6.725829217
31.15632711	0.554067497	31.7103946	30.60225961	6.76312385
31.16923009	0.594370559	31.76360065	30.57485953	6.800457583
31.17955279	0.604304705	31.78385749	30.57524808	6.837903717
31.22858561	0.584563871	31.81314948	30.64402174	6.875182767
31.31116642	0.697475815	32.00864223	30.6136906	6.912540983
31.29310209	0.641074664	31.93417675	30.65202742	6.94985575
31.3343921	0.596428595	31.93082069	30.73796351	6.987239617
31.39890897	0.588616932	31.9875259	30.81029204	7.024561417
31.44278005	0.574601648	32.0173817	30.8681784	7.061929167
31.4789095	0.54869257	32.02760207	30.93021693	7.09922085
31.39374723	0.579380193	31.97312742	30.81436704	7.136546383
31.48407085	0.632994122	32.11706497	30.85107673	7.173844417
31.56665205	0.673666683	32.24031873	30.89298537	7.211164317
31.57955542	0.66945194	32.24900736	30.91010348	7.2485332
31.57439407	0.684114216	32.25850829	30.89027986	7.285805283
31.5924588	0.679915282	32.27237408	30.91254352	7.32309745
31.62858825	0.621076879	32.24966513	31.00751137	7.360366033
31.64665258	0.531553756	32.17820633	31.11509882	7.397716433
31.84278269	0.640118963	32.48290165	31.20266372	7.435084533
31.77826621	0.656503395	32.4347696	31.12176281	7.472752933
31.82987971	0.630685401	32.46056511	31.1991943	7.510125067
31.80149228	0.670406214	32.4718985	31.13108607	7.547415217
31.90213782	0.687803554	32.58994137	31.21433426	7.584695767
31.87891214	0.709827463	32.5887396	31.16908467	7.622049117
32.00278413	0.730331514	32.73311565	31.27245262	7.6594717
32.06988129	0.664959727	32.73484102	31.40492156	7.696921117
31.92278361	0.7120661	32.63484971	31.21071751	7.734199333
32.11633304	0.709723826	32.82605687	31.40660922	7.77149855
32.17826885	0.621805297	32.80007414	31.55646355	7.8088089
32.1318167	0.741507807	32.87332451	31.39030889	7.8461576
32.22472099	0.761115633	32.98583663	31.46360536	7.883469317
32.17826885	0.765573894	32.94384274	31.41269495	7.9207997
32.2969795	0.752934549	33.04991404	31.54404495	7.95812425
32.3073022	0.743329333	33.05063153	31.56397286	7.99570065
32.38988379	0.765635296	33.15551909	31.62424849	8.03302805
32.41827043	0.759757731	33.17802816	31.6585127	8.070347533
32.48020623	0.852516995	33.33272323	31.62768924	8.10768125
32.47246499	0.820537802	33.2930028	31.65192719	8.144954483
32.60665812	0.815561865	33.42221998	31.79109625	8.182279267
32.53181973	0.880115762	33.41193549	31.65170397	8.219603633
32.6814973	0.81045078	33.49194808	31.87104652	8.256950583
32.71762714	0.82494768	33.54257482	31.89267946	8.294255483
32.78988603	0.895046683	33.68493272	31.89483935	8.331588583
32.76924064	0.912167855	33.68140849	31.85707278	8.368840233
32.84149953	0.951105953	33.79260548	31.89039358	8.4061855
32.97827451	0.848861212	33.82713572	32.1294133	8.44368135
32.97569384	0.943747107	33.91944094	32.03194673	8.48097095
33.05569476	0.887110265	33.94280502	32.16858449	8.518291817
33.07892083	0.925073466	34.0039943	32.15384737	8.555620233
33.11504949	0.921639301	34.03668879	32.19341019	8.592918233
33.14859748	1.03472644	34.18332392	32.11387104	8.63025315
33.23117829	1.005311957	34.23649025	32.22586633	8.667467683
33.28279139	0.983309548	34.26610094	32.29948184	8.704780817
33.22859761	0.992900231	34.22149785	32.23569738	8.742150517
33.44537352	0.96447034	34.40984386	32.48090318	8.779478933
33.43247053	1.050820641	34.48329117	32.38164989	8.816779367
33.57956861	1.039927017	34.61949562	32.53964159	8.8541053
33.52537444	1.05734773	34.58272217	32.46802671	8.89144015
33.57698793	1.074622338	34.65161027	32.50236559	8.928724267
33.68537628	1.071848507	34.75722478	32.61352777	8.966056333
33.81440884	1.051175377	34.86558422	32.76323346	9.003341433
33.77569832	1.100421076	34.8761194	32.67527725	9.040659117
33.85827913	1.061195238	34.91947437	32.79708389	9.0780736
33.91505359	1.186862815	35.1019164	32.72819077	9.115389833
33.86085941	1.26101709	35.1218765	32.59984232	9.1526755
34.01053816	1.156171127	35.16670929	32.85436704	9.190092017
34.17828203	1.170340899	35.34862293	33.00794113	9.2274371
34.13441056	1.142490193	35.27690075	32.99192036	9.264758133
34.17570057	1.278966966	35.45466753	32.8967336	9.302036367
34.29699229	1.322885557	35.61987784	32.97410673	9.339337283
34.44150968	1.195127755	35.63663744	33.24638193	9.376655083
34.52925106	1.239266519	35.76851758	33.28998454	9.41389385
34.51376779	1.243348607	35.7571164	33.27041919	9.4511711
34.58860736	1.30042319	35.88903055	33.28818418	9.488529633
34.66860671	1.26898262	35.93758933	33.39962409	9.525798733
34.73828493	1.334828848	36.07311378	33.40345609	9.563184183
34.82344642	1.342553958	36.16600038	33.48089246	9.600434867
34.82602709	1.337081187	36.16310828	33.48894591	9.6376496
35.03506176	1.387162485	36.42222424	33.64789927	9.674894383
35.02473906	1.387124065	36.41186312	33.63761499	9.712212117
35.02731973	1.365889117	36.39320885	33.66143061	9.749551267
35.25699901	1.387987739	36.64498675	33.86901127	9.786821733
35.24925698	1.350269996	36.59952698	33.89898699	9.8241162
35.31119239	1.444975809	36.7561682	33.86621658	9.861467567
35.46344985	1.416061495	36.87951134	34.04738835	9.89881595
35.51248267	1.396636221	36.90911889	34.11584645	9.936165583
35.54603144	1.434592628	36.98062407	34.11143882	9.973507033
35.62087102	1.453043343	37.07391436	34.16782767	10.01076843
35.68280721	1.509641181	37.19244839	34.17316603	10.04802658
35.80667882	1.546985914	37.35366473	34.25969291	10.08541043
35.92022851	1.570467469	37.49069598	34.34976104	10.12265723
36.05184293	1.51718781	37.56903074	34.53465512	10.15997513
36.09571362	1.607016415	37.70273003	34.4886972	10.1972958
36.09313294	1.580473041	37.67360598	34.5126599	10.23464647
36.33313413	1.65139364	37.98452777	34.68174049	10.27193953
36.34861818	1.583638911	37.93225709	34.76497927	10.3092082
36.49829575	1.606275469	38.10457122	34.89202028	10.34650782
36.50087721	1.616688844	38.11756605	34.88418837	10.38379402
36.54474711	1.639258353	38.18400546	34.90548876	10.42113587
36.73571705	1.668999876	38.40471693	35.06671717	10.45845852
36.81055583	1.676509297	38.48706513	35.13404654	10.49584043
36.87765417	1.755389152	38.63304332	35.12226501	10.53309537
36.88023405	1.757524404	38.63775846	35.12270965	10.57039703
37.04797792	1.706908953	38.75488687	35.34106897	10.60768632
37.14346132	1.818068237	38.96152955	35.32539308	10.64495988
37.24668752	1.787088504	39.03377603	35.45959902	10.68244688
37.30088248	1.889770648	39.19065313	35.41111183	10.71979332
37.53572311	1.831713252	39.36743636	35.70400986	10.75712408
37.58991728	1.891239375	39.48115666	35.69867791	10.79442322
37.6415292	1.914270145	39.55579935	35.72725906	10.83166238
37.76023946	1.957553273	39.71779273	35.80268619	10.86906548
37.83507903	1.90597257	39.7410516	35.92910646	10.90639077
37.92282119	1.916050815	39.83887201	36.00677038	10.94376937
38.00282211	1.989906762	39.99272887	36.01291535	10.98114793
38.22992071	1.953623318	40.18354403	36.27629739	11.01846407
38.21701655	1.994011046	40.2110276	36.22300551	11.05575655
38.37443693	2.031661122	40.40609805	36.34277581	11.09305928
38.49314719	2.176127241	40.66927443	36.31701995	11.13060983
38.61443891	2.073840599	40.68827951	36.54059831	11.1681184
38.75895591	2.150227786	40.9091837	36.60872813	11.20556003
38.81315008	2.145946204	40.95909629	36.66720388	11.24308427
38.9034737	2.201523163	41.10499687	36.70195054	11.28065627
39.12282949	2.257842283	41.38067178	36.86498721	11.31812997
39.1950876	2.273394725	41.46848233	36.92169288	11.3556686
39.2802483	2.336503891	41.61675219	36.94374441	11.39318288
39.37573327	2.275268387	41.65100166	37.10046488	11.43061685
39.51508971	2.400423678	41.91551339	37.11466604	11.4680206
39.60283266	2.358772996	41.96160565	37.24405966	11.50557212
39.70863954	2.448439608	42.15707915	37.26019993	11.54305247
39.91509274	2.44593552	42.36102826	37.46915722	11.58052872
39.96928692	2.509931441	42.47921836	37.45935547	11.61795182
40.07767447	2.514157753	42.59183223	37.56351672	11.65548248
40.29186891	2.494228804	42.78609772	37.79764011	11.69294432
40.40025647	2.606997481	43.00725395	37.79325899	11.7305351
40.53187089	2.657367956	43.18923884	37.87450293	11.76800963
40.6247744	2.600487511	43.22526191	38.02428689	11.8055381
40.74606533	2.696719377	43.44278471	38.04934595	11.84296272
40.88284031	2.709834509	43.59267482	38.1730058	11.88049015
41.07639092	2.735639926	43.81203085	38.340751	11.91798228
41.14090701	2.671893015	43.81280002	38.46901399	11.95557462
41.24413322	2.781366406	44.02549962	38.46276681	11.99296197
41.47639159	2.785637543	44.26202914	38.69075405	12.03129695
41.57187656	2.843036951	44.41491351	38.72883961	12.0688429
41.68284637	2.989263963	44.67211033	38.69358241	12.10646952
41.7628465	2.943738441	44.70658494	38.81910806	12.14399442
41.90220216	3.008473747	44.91067591	38.89372841	12.18149702
42.14220256	3.020205619	45.16240818	39.12199694	12.21895043
42.21446146	3.064644412	45.27910587	39.14981704	12.2565357
42.43381803	3.133156501	45.56697453	39.30066153	12.29404053
42.47510883	3.13197658	45.60708541	39.34313225	12.3314471
42.65833517	3.097024153	45.75535933	39.56131102	12.36874995
42.82607825	3.178296967	46.00437522	39.64778129	12.40606315
42.955112	3.164173935	46.11928593	39.79093806	12.44337687
43.10478956	3.222745242	46.32753481	39.88204432	12.48065892
43.25962927	3.283313512	46.54294278	39.97631576	12.51785388
43.43769583	3.291323991	46.72901982	40.14637184	12.55514628
43.61059948	3.375802714	46.98640219	40.23479676	12.59247275
43.70608445	3.325770169	47.03185461	40.38031428	12.629808
43.85834426	3.373837195	47.23218146	40.48450707	12.66709558
43.98995789	3.472557556	47.46251545	40.51740034	12.70437728
44.23770032	3.459158719	47.69685904	40.7785416	12.74165622
44.28415247	3.547798805	47.83195127	40.73635366	12.77899647
44.45963757	3.564571395	48.02420897	40.89506618	12.8162941
44.64028403	3.487137129	48.12742115	41.1531469	12.85363022
44.75641439	3.608385309	48.3647997	41.14802908	12.89094685
45.00157693	3.61884327	48.6204202	41.38273366	12.92825205
45.11770651	3.662045866	48.77975238	41.45566065	12.96555552
45.3989985	3.711377953	49.11037645	41.68762055	13.00284362
45.43512716	3.790376083	49.22550325	41.64475108	13.04019522
45.68287116	3.794497765	49.47736893	41.8883734	13.07753248
45.81190491	3.834349394	49.6462543	41.97755551	13.11488965
46.04932463	3.822120896	49.87144553	42.22720374	13.15220613
46.21448782	3.948501081	50.1629889	42.26598674	13.18952473
46.31513414	3.953177138	50.26831128	42.361957	13.22688077
46.59900602	3.949116067	50.54812209	42.64988995	13.26413583
46.65578008	4.059976941	50.71575702	42.59580314	13.30140187
46.88287868	4.042945452	50.92582413	42.83993323	13.33874508
47.05836536	4.101511391	51.15987675	42.95685396	13.37598205
47.22610765	4.114042296	51.34014994	43.11206535	13.41326675
47.39126927	4.137619396	51.52888866	43.25364987	13.45059357
47.5641737	4.138871086	51.70304478	43.42530261	13.48787113
47.75256296	4.213160984	51.96572394	43.53940198	13.52524027
47.99514404	4.244938616	52.24008265	43.75020542	13.56260403
48.21191994	4.295026808	52.50694675	43.91689313	13.59990682
48.42869663	4.321026036	52.74972266	44.10767059	13.6372177
48.54998677	4.379061027	52.9290478	44.17092574	13.67474215
48.76418121	4.385470985	53.1496522	44.37871023	13.71206387
48.94998902	4.436613204	53.38660222	44.51337581	13.74934408
49.16676492	4.45165624	53.61842116	44.71510868	13.78758083
49.33450721	4.569932209	53.90443942	44.764575	13.82487548
49.58483267	4.529871248	54.11470392	45.05496142	13.86215968
49.67257404	4.58355307	54.25612711	45.08902097	13.8994903
49.88418859	4.588766137	54.47295473	45.29542246	13.936756
50.02354346	4.64986802	54.67341148	45.37367544	13.97407693
50.29967646	4.612525392	54.91220185	45.68715107	14.01130623
50.51903225	4.822794364	55.34182661	45.69623789	14.04864182
50.76935614	4.791370439	55.56072658	45.9779857	14.08594305
50.92677652	4.870958103	55.79773462	46.05581842	14.12326165
51.11000365	4.851600171	55.96160382	46.25840348	14.16054247
51.3112955	5.031924336	56.34321984	46.27937116	14.19779628
51.56936141	4.9781003	56.54746171	46.59126111	14.23509488
51.85839542	4.98825635	56.84665177	46.87013907	14.2723492
51.95646028	5.077209932	57.03367021	46.87925035	14.30961713
52.28420677	5.078828422	57.3630352	47.20537835	14.34690447
52.42098018	5.136033268	57.55701345	47.28494691	14.38420827
52.62485271	5.136046241	57.76089895	47.48880647	14.421447
52.82098321	5.21368307	58.03466628	47.60730014	14.45872103
53.07646845	5.182065375	58.25853383	47.89440307	14.4960466
53.30614773	5.227296594	58.53344432	48.07885113	14.53333665
53.51776149	5.301100679	58.81886217	48.21666081	14.57061683
53.81453753	5.288100973	59.1026385	48.52643655	14.60795372
53.96679656	5.384491537	59.35128809	48.58230502	14.6452176
54.22744314	5.386718072	59.61416122	48.84072507	14.68251423
54.42357365	5.452368779	59.87594243	48.97120487	14.71976833
54.70486563	5.509297081	60.21416271	49.19556855	14.7571188
54.93970547	5.494754631	60.4344601	49.44495084	14.79442723
55.17196621	5.635179429	60.80714564	49.53678678	14.83174518
55.36551525	5.582369982	60.94788523	49.78314527	14.86902837
55.59003396	5.669639278	61.25967324	49.92039469	14.90639505
55.80938897	5.65507086	61.46445983	50.15431811	14.94374648
56.01326228	5.704525513	61.71778779	50.30873677	14.98099633
56.25584414	5.740489711	61.99633386	50.51535443	15.01824452
56.57842693	5.755903584	62.33433051	50.82252334	15.0556352
56.77197676	5.866859056	62.63883581	50.9051177	15.09292902
57.02488211	5.810648037	62.83553014	51.21423407	15.13033483
57.23649508	5.841712721	63.07820781	51.39478236	15.16764955
57.42746424	5.925177761	63.352642	51.50228648	15.2049336
57.7113369	5.947788645	63.65912554	51.76354825	15.2422601
57.98746832	5.98878372	63.97625204	51.9986846	15.27950173
58.2171476	6.067923546	64.28507114	52.14922405	15.31683212
58.43908328	6.07101808	64.51010136	52.3680652	15.35412807
58.76424752	6.04617759	64.81042511	52.71806993	15.39140743
58.96553937	6.060724848	65.02626422	52.90481453	15.4287404
59.23392799	6.169502138	65.40343012	53.06442585	15.46595072
59.39134758	6.160947128	65.55229471	53.23040045	15.50323145
59.71134969	6.199223896	65.91057358	53.51212579	15.54141727
59.9178021	6.205279344	66.12308145	53.71252276	15.5787697
60.20941679	6.367324076	66.57674087	53.84209271	15.61605457
60.47264484	6.31649754	66.78914238	54.1561473	15.6532824
60.74877548	6.391042467	67.13981794	54.35773301	15.69064447
60.95780935	6.490260152	67.4480695	54.4675492	15.7279812
61.19007009	6.501174128	67.69124422	54.68889596	15.76521587
61.47652264	6.497640569	67.97416321	54.97888207	15.80246392
61.72942642	6.533873998	68.26330041	55.19555242	15.8397358
61.95910648	6.527634057	68.48674054	55.43147242	15.87709423
62.20943037	6.625906274	68.83533664	55.58352409	15.91433423
62.44168874	6.633785699	69.07547444	55.80790305	15.95163842
62.68169229	6.668152248	69.34984454	56.01354004	15.98904537
62.96556417	6.83795846	69.80352263	56.12760571	16.02634572
63.24427469	6.807863866	70.05213856	56.43641083	16.06371585
63.49718083	6.804277604	70.30145843	56.69290322	16.10099555
63.77331147	6.857734714	70.63104618	56.91557675	16.13836132
64.04170086	6.852817483	70.89451835	57.18888338	16.1757471
64.34105757	7.019991071	71.36104865	57.3210665	16.21308595
64.67654295	6.944803948	71.62134689	57.731739	16.25031212
64.90106087	7.053397073	71.95445795	57.8476638	16.28759895
65.11783756	7.01524786	72.13308542	58.1025897	16.3248332
65.45332372	7.114873088	72.56819681	58.33845063	16.36212583
65.7862292	7.136439678	72.92266888	58.64978952	16.39947403
66.02106826	7.214533003	73.23560126	58.80653525	16.4367115
66.28945765	7.269561981	73.55901964	59.01989567	16.4740805
66.60429841	7.336914409	73.94121282	59.267384	16.51141707
66.87784759	7.349366429	74.22721402	59.52848116	16.54869757
67.15397901	7.352338447	74.50631746	59.80164056	16.58602013
67.39398099	7.369564067	74.76354505	60.02441692	16.6233713
67.7475303	7.42313931	75.17066961	60.32439099	16.66068112
67.97462811	7.532006447	75.50663456	60.44262166	16.69793908
68.21979301	7.559759746	75.77955276	60.66003326	16.73522788
68.51140612	7.550353084	76.06175921	60.96105304	16.77252575
68.85205284	7.638458417	76.49051126	61.21359443	16.80981488
69.11012112	7.615932776	76.72605389	61.49418834	16.84708502
69.38883164	7.669101295	77.05793294	61.71973035	16.88439947
69.67012441	7.662328932	77.33245335	62.00779548	16.92168053
69.95399629	7.787893011	77.7418893	62.16610328	16.95904983
70.21206299	7.84174855	78.05381154	62.37031444	16.99636562
70.55787263	7.888664296	78.44653693	62.66920834	17.03364378
70.80561506	7.873469998	78.67908506	62.93214506	17.07094697
71.15658369	7.971564403	79.1281481	63.18501929	17.10827637
71.40433005	7.969803305	79.37413336	63.43452675	17.14563758
71.70884654	8.016153814	79.72500035	63.69269273	17.18292787
71.89465434	8.036453687	79.93110803	63.85820066	17.22024733
72.29207591	8.039817407	80.33189332	64.2522585	17.25759183
72.51401238	8.044449749	80.55846213	64.46956263	17.29573473
72.84949854	8.12860282	80.97810136	64.72089572	17.3330373
73.06885433	8.151948333	81.22080266	64.91690599	17.3703606
73.35531002	8.238285221	81.59359524	65.1170248	17.40765985
73.59530885	8.268805786	81.86411464	65.32650306	17.44492762
73.91531253	8.193702442	82.10901497	65.72161009	17.48221765
74.13982889	8.304433139	82.44426202	65.83539575	17.51951982
74.42370312	8.289387409	82.71309053	66.13431571	17.55683665
74.70499432	8.334294169	83.03928849	66.37070015	17.5941334
75.02499879	8.399895379	83.42489417	66.62510341	17.63140312
75.27532268	8.347515941	83.62283862	66.92780674	17.6687413
75.55661309	8.364650636	83.92126373	67.19196245	17.70606712
75.84306879	8.392229791	84.23529858	67.45083899	17.743382
76.04177682	8.434331522	84.47610834	67.6074453	17.7806901
76.29726284	8.406951922	84.70421476	67.89031092	17.81797923
76.60436236	8.391919709	84.99628207	68.21244265	17.85526717
76.89597548	8.42200138	85.31797686	68.4739741	17.89261587
77.14888161	8.42470199	85.5735836	68.72417962	17.92992422
77.43533259	8.474210514	85.9095431	68.96112208	17.9672505
77.62372264	8.532494788	86.15621743	69.09122785	18.00449733
77.92565845	8.437339386	86.36299784	69.48831907	18.04179998
78.1992092	8.448186688	86.64739589	69.75102251	18.07916727
78.36179329	8.576007868	86.93780116	69.78578542	18.1165352
78.67663248	8.520160284	87.19679276	70.15647219	18.15394795
78.91921591	8.549669612	87.46888553	70.3695463	18.19129295
79.12050777	8.519121885	87.63962965	70.60138588	18.22868467
79.44050752	8.513912252	87.95441977	70.92659526	18.2660177
79.70115489	8.53877585	88.23993074	71.16237904	18.30328208
79.93857698	8.532691881	88.47126886	71.4058851	18.34058525
80.22502953	8.556235622	88.78126515	71.6687939	18.3779097
80.38761204	8.539943534	88.92755558	71.84766851	18.41521337
80.61987121	8.504928193	89.1247994	72.11494301	18.45249787
80.85729251	8.480918135	89.33821064	72.37637437	18.48981155
81.14890641	8.484490296	89.6333967	72.66441611	18.52718338
81.42245637	8.421612738	89.84406911	73.00084363	18.5644664
81.62633047	8.487158598	90.11348907	73.13917187	18.60175412
81.92052426	8.312176964	90.23270122	73.60834729	18.6390094
82.05213789	8.414064082	90.46620197	73.63807381	18.67636727
82.34633325	8.360757506	90.70709075	73.98557574	18.71373752
82.57859399	8.335037472	90.91363146	74.24355651	18.7509586
82.72827155	8.269657531	90.99792909	74.45861402	18.78821562
83.01214579	8.253104897	91.26525069	74.75904089	18.82549432
83.23924203	8.227990117	91.46723215	75.01125191	18.86274238
83.41472635	8.172047556	91.5867739	75.24267879	18.90008855
83.6134391	8.14048166	91.75392076	75.47295744	18.93740208
83.81215027	8.12411879	91.93626906	75.68803148	18.97469685
83.99279594	8.108295743	92.10109168	75.8845002	19.01204397
84.23537938	8.08531247	92.32069185	76.15006691	19.05021078
84.45731427	8.075241031	92.5325553	76.38207324	19.08747733
84.61989757	8.00613104	92.62602861	76.61376653	19.12478395
84.90377023	7.98899887	92.8927691	76.91477136	19.16211693
85.03538387	7.930705622	92.96608949	77.10467824	19.19987197
85.25474044	7.923383206	93.17812365	77.33135724	19.23714822
85.51280478	7.772927726	93.28573251	77.73987706	19.27447172
85.69087213	7.718374728	93.40924686	77.9724974	19.31176532
85.8715178	7.695969871	93.56748767	78.17554793	19.34909662
86.02119694	7.617501531	93.63869847	78.40369541	19.38632808
86.3050696	7.618965156	93.92403476	78.68610445	19.42365968
86.39797232	7.553703972	93.9516763	78.84426835	19.46097437
86.61474587	7.525735663	94.14048153	79.0890102	19.49831972
86.80829727	7.49790644	94.30620371	79.31039083	19.53562338
86.94765371	7.452600127	94.40025384	79.49505358	19.57298428
87.16184736	7.409512149	94.57135951	79.75233521	19.61029398
87.24701042	7.335121521	94.58213194	79.9118889	19.64754222
87.46378711	7.293237184	94.75702429	80.17054992	19.68483315
87.63926828	7.240526096	94.87979438	80.39874218	19.72213572
87.76572371	7.178314903	94.94403861	80.5874088	19.75943067
88.04701491	7.090463485	95.13747839	80.95655142	19.79672752
88.17346719	6.966288664	95.13975585	81.20717852	19.83404782
88.330886	6.980375187	95.31126118	81.35051081	19.87139177
88.49088784	6.861111262	95.3519991	81.62977657	19.90863515
88.68959901	6.833748356	95.52334737	81.85585066	19.94596127
88.84185804	6.756709495	95.59856754	82.08514855	19.98323645
88.9683119	6.642486834	95.61079873	82.32582506	20.0205612
89.15927869	6.695495163	95.85477386	82.46378353	20.05789685
89.23153916	6.632951006	95.86449017	82.59858816	20.09517895
89.46121686	6.508293015	95.96950988	82.95292385	20.13250125
89.57218667	6.506935075	96.07912174	83.06525159	20.16988575
89.7347684	6.454189726	96.18895812	83.28057867	20.20720092
89.84057528	6.35502599	96.19560127	83.48554929	20.24451048
89.94122081	6.292210699	96.23343151	83.64901012	20.28180045
90.13993357	6.194038902	96.33397247	83.94589466	20.31916805
90.24057753	6.173211245	96.41378877	84.06736628	20.35648173
90.36444992	6.075796645	96.44024656	84.28865327	20.39378592
90.51412749	6.030821513	96.544949	84.48330597	20.431113
90.67670922	5.951800827	96.62851004	84.72490839	20.46836183
90.7618707	5.905006439	96.66687714	84.85686426	20.50563042
90.99671133	5.866802777	96.8635141	85.12990855	20.54288652
91.0070356	5.764895868	96.77193147	85.24213973	20.58021477
91.1954225	5.812550841	97.00797334	85.38287166	20.6175023
91.27026286	5.626477368	96.89674023	85.64378549	20.65476942
91.45348842	5.653326397	97.10681481	85.80016202	20.69205313
91.569618	5.510597098	97.0802151	86.0590209	20.72937868
91.69349039	5.454588461	97.14807885	86.23890193	20.7666676
91.80962155	5.365870734	97.17549228	86.44375081	20.80476948
91.8715546	5.284899461	97.15645406	86.58665514	20.8421051
92.03671621	5.23405245	97.27076866	86.80266377	20.87937012
92.07026577	5.16226168	97.23252745	86.90800409	20.9166964
92.284461	5.112189547	97.39665055	87.17227145	20.95396975
92.33349304	5.03552074	97.36901378	87.2979723	20.99127978
92.40059216	5.044606821	97.44519898	87.35598534	21.02856792
92.51156039	4.976492852	97.48805324	87.53506754	21.06589472
92.62511008	4.904881091	97.52999117	87.72022899	21.1032431
92.71284988	4.778330991	97.49118087	87.93451889	21.14055632
92.87027026	4.783014455	97.65328472	88.08725581	21.17792473
92.94511062	4.684800771	97.62991139	88.26030985	21.21522168
93.07414436	4.579516553	97.65366091	88.49462781	21.25249772
93.09736965	4.484529743	97.58189939	88.61283991	21.2897848
93.33995309	4.543098656	97.88305174	88.79685443	21.32714408
93.29608083	4.464010934	97.76009176	88.83206989	21.36447032
93.46124402	4.322310758	97.78355478	89.13893326	21.4017529
93.5051147	4.290452185	97.79556689	89.21466252	21.43911862
93.64447115	4.234593596	97.87906474	89.40987755	21.47638867
93.70898566	4.140723819	97.84970948	89.56826184	21.51377048
93.85092356	4.227496006	98.07841957	89.62342756	21.55111572
93.89995717	4.104314838	98.00427201	89.79564233	21.58847115
93.99027843	4.024740391	98.01501882	89.96553804	21.6258267
94.02640631	3.934104014	97.96051032	90.09230229	21.66310343
94.08318273	3.934416181	98.01759891	90.14876654	21.70037722
94.14253746	3.872182125	98.01471959	90.27035534	21.73764642
94.24834434	3.816900338	98.06524468	90.43144401	21.77497278
94.39802348	3.705416291	98.10343978	90.69260719	21.8123393
94.39544202	3.722433251	98.11787527	90.67300877	21.84964095
94.47286227	3.602262142	98.07512441	90.87060013	21.88697293
94.61995838	3.573553761	98.19351214	91.04640462	21.92425582
94.67931468	3.468514293	98.14782898	91.21080039	21.96157313
94.66125075	3.462445535	98.12369628	91.19880521	21.99889283
94.70770132	3.37016672	98.07786804	91.3375346	22.03617625
94.85221911	3.327166868	98.17938598	91.52505225	22.07372242
94.87286451	3.311931766	98.18479628	91.56093275	22.11097395
94.94254352	3.245865432	98.18840895	91.69667809	22.14827572
95.04576894	3.138295388	98.18406433	91.90747355	22.18562617
95.06641591	3.196361832	98.26277775	91.87005408	22.22294018
95.16705987	3.079708392	98.24676827	92.08735148	22.26020633
95.28835081	3.018189408	98.30654021	92.2701614	22.29750847
95.29867508	3.032048267	98.33072334	92.26662681	22.33476253
95.3709324	2.910695182	98.28162758	92.46023722	22.37212783
95.50512749	2.859001866	98.36412936	92.64612563	22.40954935
95.48190221	2.823396254	98.30529846	92.65850595	22.44713492
95.57222347	2.776839589	98.34906306	92.79538388	22.48462553
95.60577303	2.733326279	98.3390993	92.87244675	22.5221645
95.5799647	2.692676403	98.27264111	92.8872883	22.56051508
95.73480677	2.612138934	98.3469457	93.12266783	22.5980032
95.75803206	2.633464619	98.39149668	93.12456744	22.63556073
95.82771264	2.52093225	98.34864489	93.30678039	22.6730243
95.8560977	2.572838869	98.42893657	93.28325883	22.710549
95.87674153	2.462680204	98.33942173	93.41406132	22.748097
95.98513144	2.397596168	98.38272761	93.58753528	22.78556188
96.02900056	2.4068995	98.43590006	93.62210106	22.82308633
96.07287282	2.431698657	98.50457147	93.64117416	22.8606717
96.14771317	2.338801846	98.48651502	93.80891133	22.89819533
96.12190642	2.33461376	98.45652018	93.78729267	22.93567313
96.2199705	2.268377915	98.48834841	93.95159258	22.97319728
96.19158071	2.270800594	98.46238131	93.92078012	23.01065152
96.30255209	2.194161568	98.49671366	94.10839052	23.04810843
96.33351862	2.173271544	98.50679016	94.16024707	23.08560778
96.41868167	2.068097585	98.48677926	94.35058409	23.1230395
96.40319762	2.020083404	98.42328103	94.38311422	23.160601
96.47287506	1.993610932	98.46648599	94.47926413	23.19827525
96.43158583	1.980721708	98.41230754	94.45086413	23.23583863
96.50126327	1.897630235	98.3988935	94.60363303	23.2734168
96.56835924	1.928592579	98.49695182	94.63976666	23.31073513
96.57868351	1.915375645	98.49405916	94.66330787	23.34801072
96.57352059	1.800432758	98.37395335	94.77308783	23.38548617
96.6122315	1.816341307	98.42857281	94.79589019	23.42300512
96.63029701	1.738273059	98.36857007	94.89202395	23.46052633
96.66642331	1.703542668	98.36996598	94.96288065	23.49801133
96.73610232	1.659213539	98.39531586	95.07688878	23.53550293
96.71287703	1.606512152	98.31938919	95.10636488	23.57295372
96.72836108	1.631446711	98.35980779	95.09691437	23.6112743
96.84965202	1.592576151	98.44222817	95.25707586	23.64874082
96.87287888	1.579116984	98.45199586	95.29376189	23.68618855
96.97094452	1.68797698	98.6589215	95.28296754	23.72369313
97.02513633	1.503251536	98.52838787	95.5218848	23.7611818
97.00965543	1.564442297	98.57409773	95.44521313	23.7987336
97.03029926	1.515437258	98.54573651	95.514862	23.83611518
97.05868747	1.405771466	98.46445893	95.652916	23.87361737
97.06384724	1.395905995	98.45975324	95.66794125	23.91104812
97.07674983	1.438644732	98.51539456	95.6381051	23.94852212
97.13094636	1.316455688	98.44740205	95.81449067	23.98602163
97.1748139	1.359873214	98.53468712	95.81494069	24.02356117
97.19029952	1.319321449	98.50962097	95.87097807	24.06119905
97.18255671	1.247788405	98.43034512	95.93476831	24.09866695
97.20062065	1.334836041	98.53545669	95.86578461	24.13609658
97.21352324	1.266899856	98.48042309	95.94662338	24.17361598
97.31158888	1.187654474	98.49924336	96.12393441	24.21124688
97.31158888	1.161315885	98.47290477	96.150273	24.24881288
97.31933169	1.178405878	98.49773757	96.14092581	24.28634025
97.2780409	1.162943266	98.44098416	96.11509763	24.32381905
97.39159059	1.049495533	98.44108612	96.34209506	24.3612858
97.38384778	1.103033403	98.48688118	96.28081437	24.39883322
97.43546128	1.074403111	98.50986439	96.36105816	24.43625918
97.39417048	1.096624822	98.4907953	96.29754566	24.4737738
97.44320409	1.05679999	98.50000408	96.3864041	24.51121238
97.4561051	1.032543456	98.48864856	96.42356165	24.54866793
97.45094532	1.020042127	98.47098745	96.4309032	24.5861332
97.51288152	1.035745055	98.54862658	96.47713647	24.62345528
97.51546141	0.904608591	98.42007	96.61085282	24.66099713
97.5593321	0.928917077	98.48824917	96.63041502	24.69848705
97.5490094	0.920519533	98.46952893	96.62848986	24.73602723
97.5696548	0.914062998	98.48371779	96.6555918	24.77353327
97.51288309	0.905587714	98.41847081	96.60729538	24.81100902
97.62384975	0.799613765	98.42346352	96.82423599	24.84852487
97.59546312	0.821630899	98.41709402	96.77383222	24.88598473
97.60062447	0.810112658	98.41073712	96.79051181	24.92349498
97.61094559	0.803352884	98.41429848	96.80759271	24.960968
97.62126987	0.713197761	98.33446763	96.9080721	24.9984494
97.6806246	0.721478564	98.40210316	96.95914604	25.03591708
97.65223796	0.706948634	98.3591866	96.94528933	25.07348352
97.7115927	0.708418776	98.42001147	97.00317392	25.11105397
97.71417573	0.749396133	98.46357187	96.9647796	25.14849933
97.72965821	0.764214822	98.49387303	96.96544339	25.1859784
97.76578608	0.660600699	98.42638678	97.10518539	25.22351973
97.80965834	0.707496821	98.51715516	97.10216152	25.26101862
97.7632062	0.683442276	98.44664847	97.07976392	25.2984119
97.84062644	0.719566329	98.56019277	97.12106011	25.33591387
97.79675418	0.75402325	98.55077743	97.04273093	25.37324688
97.80191553	0.702849004	98.50476454	97.09906653	25.41074863
97.81223666	0.637292993	98.44952965	97.17494367	25.44825198
97.83030532	0.642869884	98.4731752	97.18743543	25.48573547
97.81739958	0.634106386	98.45150597	97.1832932	25.52323063
97.91288534	0.692752828	98.60563817	97.22013251	25.56069468
97.8844987	0.668854106	98.55335281	97.2156446	25.5981684
97.90514253	0.697237936	98.60238046	97.20790459	25.63566202
97.87933578	0.659791312	98.53912709	97.21954447	25.67319323
98.00578963	0.579552947	98.58534258	97.42623669	25.71071862
97.99030558	0.527114579	98.51742016	97.463191	25.74818768
98.01869222	0.569466476	98.5881587	97.44922574	25.7856586
98.04707886	0.566604941	98.6136838	97.48047392	25.82312483
98.03417784	0.564132328	98.59831017	97.47004552	25.86072237
98.02643503	0.550618479	98.57705351	97.47581655	25.89826633
98.01611233	0.550292857	98.56640519	97.46581947	25.93576032
98.00320817	0.604061441	98.60726961	97.39914673	25.97324512
98.04191751	0.464590795	98.5065083	97.57732671	26.01072912
98.07030572	0.468047603	98.53835332	97.60225811	26.04817742
98.04966032	0.45755598	98.5072163	97.59210434	26.08564495
98.02901649	0.455324637	98.48434113	97.57369186	26.12309878
98.03933762	0.465838619	98.50517624	97.573499	26.16062593
98.04966032	0.470617743	98.52027806	97.57904258	26.1981543
98.11159337	0.521050871	98.63264424	97.5905425	26.23561648
98.09869078	0.515397167	98.61408795	97.58329361	26.2731098
98.08578819	0.576454173	98.66224237	97.50933402	26.31058627
98.15030428	0.436779098	98.58708338	97.71352518	26.34808678
98.11675629	0.473140315	98.58989661	97.64361598	26.38565227
98.17353271	0.464403398	98.63793611	97.70912931	26.42313333
98.1348218	0.475248413	98.61007022	97.65957339	26.46061657
98.1348218	0.44566943	98.58049123	97.68915237	26.49812498
98.13998315	0.441630457	98.58161361	97.6983527	26.53557257
98.13998315	0.447624305	98.58760746	97.69235885	26.57316678
98.14772439	0.443197509	98.5909219	97.70452688	26.6106826
98.12707899	0.451327147	98.57840614	97.67575184	26.64825103
98.12707899	0.464633256	98.59171225	97.66244574	26.68578422
98.13998158	0.44283613	98.58281771	97.69714545	26.72323162
98.11675629	0.424313471	98.54106976	97.69244282	26.76082875
98.196758	0.369764587	98.56652259	97.82699341	26.79833157
98.17611103	0.385425125	98.56153615	97.7906859	26.83574963
98.18127395	0.387391572	98.56866552	97.79388238	26.87324042
98.17353114	0.394544428	98.56807557	97.77898671	26.91080162
98.25094981	0.3260617	98.57701151	97.92488811	26.9483311
98.25869262	0.37088114	98.62957376	97.88781148	26.98582858
98.27159521	0.333234884	98.60483009	97.93836033	27.02329408
98.25869105	0.373027994	98.63171904	97.88566306	27.06092472